2.47 9.64
2.49 9.63
2.48 9.65
2.55 9.56
2.55 9.55
2.54 9.57
2.53 9.56
2.51 9.60
2.52 9.58
2.52 9.61
2.51 9.57
2.53 9.52
2.53 9.52
2.49 9.58
2.50 9.61
2.50 9.55
2.49 9.56
2.45 9.59
2.46 9.59
2.45 9.57
2.48 9.56
2.46 9.69
2.45 9.69
2.43 9.72
2.43 9.65
2.44 9.66
2.46 9.64
2.45 9.64
2.44 9.63
2.44 9.66
2.44 9.76
2.43 9.71
2.42 9.66
2.42 9.63
2.37 9.70
2.36 9.82
2.38 9.70
2.35 9.70
2.36 9.69
2.39 9.68
2.39 9.65
2.41 9.66
2.33 9.70
2.35 9.67
2.42 9.56
2.46 9.57
2.45 9.59
2.53 9.52
2.52 9.55
2.50 9.55
2.54 9.56
2.58 9.47
2.59 9.46
2.59 9.46
2.60 9.49
2.56 9.54
2.53 9.58
2.52 9.54
2.48 9.51
2.47 9.50
2.45 9.50
2.47 9.48
2.41 9.57
2.41 9.49
2.41 9.42
2.42 9.33
2.38 9.26
2.32 9.27
2.28 9.23
2.07 8.96
1.98 8.82
2.01 8.94
1.92 8.71
1.97 8.77
2.01 8.75
2.01 8.82
1.97 8.77
1.96 8.76
1.97 8.67
1.97 8.84
1.95 8.74
1.93 8.75
1.95 8.71
1.92 8.71
1.90 8.80
1.89 8.81
1.86 8.82
1.85 8.71
1.85 8.66
1.86 8.77
1.87 8.79
1.89 8.73
1.86 8.75
1.89 8.73
1.86 8.64
1.86 8.47
1.86 8.57
1.85 8.48
1.86 8.32
1.88 8.11
1.90 8.02
1.94 8.03
1.96 8.06
1.96 8.08
1.97 8.07
2.08 7.92
2.02 7.98
2.21 7.97
2.31 7.94
2.38 7.86
2.36 7.95
2.42 8.20
2.33 8.21
2.32 8.19
2.26 8.23
2.15 7.87
2.26 7.74
2.26 7.76
2.36 7.70
2.34 7.67
2.37 7.63
2.25 7.67
2.23 7.70
2.18 7.73
2.13 7.77
2.15 7.75
2.16 7.73
2.18 7.71
2.27 7.64
2.32 7.61
2.34 7.57
2.32 7.58
2.32 7.55
2.30 7.56
2.19 7.67
1.96 7.66
1.87 7.57
1.78 7.59
1.86 7.61
1.83 7.65
1.89 7.40
1.83 7.30
1.87 7.38
1.84 7.31
1.89 7.36
1.92 7.49
2.02 7.48
2.31 7.39
2.36 7.40
2.30 7.40
2.40 7.41
2.43 7.46
2.37 7.54
2.40 7.51
2.34 7.50
2.35 7.50
2.29 7.54
2.29 7.58
2.23 7.50
1.95 7.50
1.86 7.47
1.89 7.34
2.20 6.82
2.28 6.84
2.38 6.82
2.44 6.82
2.50 6.78
2.63 7.00
2.65 6.83
2.76 7.22
2.87 7.03
3.00 6.80
3.04 6.94
3.30 7.24
3.61 7.37
3.79 7.19
3.81 7.66
3.86 7.95
4.82 7.83
4.99 7.36
4.89 7.35
4.75 7.32
4.93 7.33
3.93 6.89
3.87 6.66
5.23 7.20
5.70 7.11
3.86 6.36
3.77 6.48
3.95 6.14
3.78 5.99
4.09 5.79
3.72 5.64
3.58 5.51
3.50 5.33
3.57 5.33
3.59 5.23
3.59 4.84
3.52 4.63
3.50 4.54
3.48 4.63
3.59 4.53
3.69 4.48
3.78 4.49
3.82 4.85
3.62 4.93
3.80 5.27
3.72 5.54
3.66 5.60
3.89 5.53
4.43 5.62
3.88 5.30
3.75 5.33
2.86 5.41
2.72 5.55
2.82 6.27
3.04 5.46
3.73 5.22
3.73 5.28
3.58 5.44
3.63 5.35
3.68 5.33
3.49 5.68
3.66 5.54
3.58 5.30
4.28 6.35
5.35 7.57
5.27 7.67
5.25 7.90
5.05 7.52
2.11 4.89
2.08 5.24
3.41 4.59
3.18 4.05
3.18 4.20
3.51 5.54
3.41 5.48
3.40 5.35
3.11 4.62
3.19 4.49
3.23 3.94
1.37 5.61
1.31 5.70
0.63 6.82
1.47 7.55
1.33 5.66
1.74 4.35
1.92 3.88
1.98 3.95
2.24 4.46
2.26 4.75
2.56 5.23
2.54 5.33
2.45 5.47
2.02 5.65
2.13 6.82
1.82 8.01
2.12 8.52
2.09 8.63
2.04 8.78
2.04 8.93
2.09 9.15
2.09 9.11
1.93 8.97
1.79 8.94
1.80 8.89
1.79 8.89
1.84 8.74
1.85 8.66
1.88 8.54
1.86 8.47
2.02 8.35
2.22 8.44
2.03 8.28
2.01 8.24
1.98 8.24
1.88 8.23
1.88 8.21
1.85 8.20
1.88 8.20
1.88 8.23
2.36 7.68
2.49 7.57
2.66 7.36
3.07 6.82
3.07 6.51
3.26 6.47
3.32 6.34
3.45 6.41
3.62 6.30
3.57 6.01
3.79 5.71
3.78 5.61
3.78 5.48
3.42 5.69
3.61 5.68
3.50 5.67
3.43 5.76
3.54 6.37
3.57 6.99
3.25 7.32
2.83 7.72
2.64 8.52
2.57 8.35
2.79 8.36
2.95 8.85
3.29 9.28
3.02 8.75
3.23 9.06
3.41 9.43
3.30 9.57
3.20 9.70
3.16 9.99
3.27 10.69
3.07 9.91
3.64 11.18
3.52 11.21
2.68 10.20
2.69 9.76
2.80 9.79
2.62 9.87
2.58 9.79
2.49 9.80
4.67 14.44
4.65 14.35
4.72 14.45
4.89 14.42
5.30 14.59
4.48 14.12
4.35 13.87
4.20 13.85
4.19 13.77
4.02 12.49
3.77 11.73
3.81 12.26
3.92 11.66
3.61 11.80
3.49 11.49
4.26 11.68
3.23 10.14
2.44 9.69
2.24 8.88
2.38 8.62
2.31 8.56
2.37 8.32
2.34 8.23
2.50 8.28
2.47 8.34
2.42 8.43
2.39 8.45
2.41 8.48
2.30 8.50
2.29 8.54
2.38 8.42
2.36 8.31
2.30 8.01
2.33 7.94
2.42 7.80
2.57 7.63
2.42 7.60
2.47 7.41
2.67 6.88
2.95 6.68
3.60 6.29
4.01 5.97
4.76 5.89
4.79 5.72
4.98 5.53
4.96 5.06
6.82 5.32
7.51 5.68
7.47 5.63
7.62 5.68
7.77 5.77
8.19 5.81
8.43 5.81
8.57 5.78
8.56 5.85
8.38 5.90
8.27 5.57
8.50 5.70
8.85 5.54
9.98 5.85
9.61 5.95
9.41 6.06
9.49 6.15
10.32 6.44
10.43 6.43
9.64 6.37
9.53 6.29
9.48 6.03
9.42 5.81
9.49 5.69
7.49 7.92
14.64 5.67
13.63 6.18
14.54 5.79
14.41 5.87
14.44 5.80
13.59 6.16
14.58 5.63
14.84 5.51
12.76 4.89
12.58 4.98
12.45 5.29
12.15 5.75
12.28 6.13
12.51 6.25
13.83 6.26
13.63 6.56
13.72 6.52
13.78 7.36
17.84 10.62
16.71 10.03
16.39 10.65
16.34 10.56
16.37 10.63
16.40 10.55
16.42 10.50
14.05 10.03
13.86 10.16
13.44 10.19
16.72 10.52
16.62 10.51
16.37 10.68
15.10 9.86
15.34 9.96
15.42 9.94
15.55 9.59
15.71 9.30
15.67 8.91
15.21 8.39
15.03 7.71
15.35 7.29
15.61 6.97
15.58 6.63
15.42 6.54
14.47 6.49
13.90 6.53
12.86 6.30
11.45 6.08
10.32 6.41
9.86 6.67
9.09 6.76
8.46 6.74
7.66 7.32
6.46 7.51
5.83 6.80
5.44 6.63
5.13 6.57
4.51 6.55
4.14 6.53
3.82 6.27
3.65 6.40
3.46 6.31
3.09 5.98
3.00 6.19
2.86 6.42
2.82 6.39
2.73 6.51
2.75 6.56
2.82 6.68
2.74 6.71
2.59 6.87
2.63 6.84
2.56 7.01
2.56 7.35
2.65 7.26
2.67 7.44
2.71 7.37
2.83 7.24
3.18 7.33
3.64 7.27
3.42 7.58
4.87 7.72
5.34 8.91
4.98 9.92
4.33 9.84
5.84 10.25
3.33 8.84
3.22 8.81
3.46 9.13
6.74 10.95
6.34 10.37
5.77 9.73
5.66 9.81
5.91 9.80
6.46 10.30
6.56 10.43
6.56 10.63
6.57 10.74
6.48 11.36
6.44 11.49
6.34 11.69
5.89 12.02
5.85 12.01
5.81 12.03
6.31 11.58
5.91 11.06
5.86 10.79
5.91 10.63
6.49 10.60
6.79 10.12
6.97 9.50
7.38 9.65
7.71 9.51
7.93 9.43
7.61 8.62
7.64 8.23
7.86 8.28
3.22 8.57
2.87 8.30
2.84 8.31
2.74 8.29
2.66 7.93
2.72 7.59
2.84 7.32
2.96 7.00
2.94 6.87
2.87 6.92
2.73 6.97
2.63 7.00
2.55 6.87
2.62 6.81
2.67 6.65
2.77 6.41
2.84 6.18
2.97 5.71
2.95 5.75
3.06 5.80
3.31 5.56
3.45 5.52
3.71 5.21
3.58 4.94
3.87 4.76
4.51 4.56
4.44 4.62
5.37 3.94
5.67 3.96
6.13 3.51
7.22 2.76
5.23 4.80
5.74 4.95
7.40 2.14
8.74 5.69
11.97 9.08
17.75 5.75
17.50 8.67
17.46 8.64
11.61 10.38
17.51 8.69
13.01 8.79
13.42 8.52
12.39 10.32
13.30 11.56
12.78 10.82
13.68 12.32
13.61 12.50
13.76 12.67
13.62 8.27
13.96 12.89
13.89 12.77
13.79 12.60
13.81 12.38
13.49 12.20
13.56 11.95
12.82 12.38
7.40 8.98
12.74 12.45
17.72 8.69
17.71 8.73
17.75 8.74
17.75 8.75
13.45 8.65
13.43 8.59
13.39 8.61
13.18 8.72
13.24 8.84
13.44 8.88
13.62 9.24
18.17 13.12
13.32 8.79
18.10 13.57
18.24 13.80
18.38 13.63
17.70 13.33
16.91 14.11
16.65 14.36
16.46 14.39
15.22 14.29
15.16 14.70
16.45 15.48
16.46 15.61
16.46 15.67
13.63 10.26
13.53 10.43
13.38 10.43
13.33 10.62
13.28 10.93
11.53 12.32
11.26 12.54
12.16 11.92
12.26 11.75
12.29 12.03
12.36 12.36
10.97 13.12
10.75 13.07
4.82 17.82
4.82 17.77
4.78 17.78
4.83 17.73
4.79 17.65
4.62 17.73
4.44 17.61
4.33 17.59
3.94 17.45
3.88 17.52
3.77 17.61
3.76 17.53
3.87 17.25
3.06 16.67
2.87 16.55
2.70 16.55
2.68 16.47
2.56 15.87
2.79 15.66
3.04 15.55
2.96 15.40
2.92 15.37
2.98 15.49
2.93 15.58
2.96 15.74
2.91 15.83
2.89 15.76
2.90 15.65
2.83 15.47
2.82 15.22
3.56 14.57
3.62 14.42
3.49 13.69
3.62 13.42
3.71 13.29
3.75 13.15
3.77 12.57
3.89 12.23
3.82 11.63
3.83 11.18
3.78 10.65
3.84 10.44
3.88 10.42
3.94 10.39
4.04 10.71
4.09 10.70
4.00 10.76
3.78 11.01
3.78 10.75
3.84 10.37
3.80 10.40
3.74 10.78
3.80 10.67
3.64 10.56
3.74 9.56
3.76 9.41
3.53 8.80
3.34 8.87
3.34 8.52
3.44 8.40
3.30 7.77
3.29 7.62
3.27 7.55
3.06 7.59
2.68 7.80
2.57 7.78
2.48 7.70
2.45 7.78
2.45 7.74
2.43 7.69
2.43 7.64
2.39 7.66
2.37 7.67
2.35 7.67
2.36 7.66
2.44 7.46
2.43 7.60
2.41 7.61
2.35 7.60
2.26 7.65
2.36 7.61
2.29 7.65
2.24 7.73
1.98 7.89
2.20 7.75
2.19 7.84
2.13 7.83
2.12 7.89
2.15 7.88
2.13 7.95
2.00 8.06
1.93 8.04
1.87 8.30
1.83 8.44
1.79 8.37
1.81 8.58
1.82 8.61
1.78 8.52
1.79 8.59
1.84 8.73
1.86 8.65
1.83 8.59
1.84 8.57
1.86 8.64
1.86 8.59
1.99 8.21
2.28 8.28
2.15 8.02
2.37 7.75
2.33 7.74
2.51 7.62
2.51 7.60
2.49 7.63
2.51 7.70
2.54 7.75
2.52 7.82
2.47 7.81
2.43 7.93
2.53 8.24
2.53 8.36
2.55 8.29
2.48 8.41
2.49 8.40
2.46 8.43
2.47 8.46
2.37 8.55
2.34 8.50
2.24 8.53
2.24 8.42
1.89 8.35
1.87 8.36
1.95 8.43
1.94 8.63
2.00 8.61
2.12 8.78
2.19 8.87
2.17 8.97
2.36 9.31
2.52 9.43
2.57 9.55
2.62 9.34
2.64 9.45
2.58 9.50
2.57 9.57
2.58 9.68
2.62 9.78
2.57 9.58
2.59 9.79
2.50 9.69
2.66 9.69
2.86 9.63
2.74 9.80
2.55 9.80
2.49 9.84
2.79 9.76
3.41 9.64
3.89 9.84
3.52 9.83
3.40 9.85
3.34 9.65
3.37 9.42
3.03 8.87
3.07 8.73
3.15 8.61
3.16 8.33
2.71 7.85
2.59 7.84
2.50 7.84
2.55 8.19
2.60 8.46
2.52 8.51
2.32 8.99
2.39 9.67
2.35 9.74
2.24 9.87
2.21 9.92
2.27 9.86
2.17 9.94
2.25 9.84
2.21 10.05
2.09 10.15
2.12 10.28
2.13 10.26
2.18 10.36
2.23 10.42
2.24 10.44
2.39 10.57
2.37 10.51
2.26 10.47
2.32 10.48
2.38 10.49
2.41 10.51
2.44 10.52
2.42 10.51
2.43 10.54
2.37 10.55
2.37 10.55
2.37 10.55
2.42 10.57
2.44 10.67
2.41 10.54
2.38 10.48
2.27 10.39
2.22 10.39
2.21 10.40
2.20 10.34
2.21 10.11
2.10 9.80
2.07 9.79
2.04 9.86
2.16 10.09
2.19 10.35
2.34 10.69
2.33 10.77
2.56 11.50
2.57 11.63
2.59 11.72
2.64 11.79
2.70 11.85
2.90 12.29
2.92 12.28
2.81 12.37
2.21 15.54
2.23 15.47
2.41 15.08
2.39 15.61
2.36 15.59
2.37 15.71
2.32 15.71
2.36 15.12
2.28 15.13
2.36 15.02
2.57 14.78
2.55 14.82
2.66 14.66
2.66 14.64
2.67 14.59
2.53 14.71
2.54 14.61
2.56 14.61
2.05 15.80
2.15 15.68
2.41 14.85
2.28 15.38
2.88 15.55
4.53 16.30
4.35 16.70
4.37 16.82
3.90 17.36
3.79 17.44
3.91 17.34
4.40 17.60
4.39 17.62
4.35 17.64
3.86 17.52
3.87 17.50
3.86 17.54
3.87 17.46
3.87 17.37
3.95 17.24
4.36 16.75
4.37 16.72
4.36 16.53
2.93 15.75
2.97 16.07
3.78 17.33
4.23 16.93
4.30 16.98
4.33 16.99
4.63 16.81
4.81 16.58
5.68 16.37
5.55 16.40
5.41 16.49
5.31 16.54
5.45 16.76
5.85 18.62
5.64 16.82
6.55 16.84
6.89 16.99
7.81 19.65
7.79 19.60
8.51 17.83
6.90 19.00
6.90 19.06
6.77 19.08
6.44 19.03
6.34 19.01
6.20 18.95
5.92 18.84
5.92 18.89
5.95 18.90
5.95 18.91
5.96 18.92
5.99 18.91
5.98 18.93
6.06 18.97
6.21 19.09
6.28 19.09
6.27 19.08
6.42 19.10
6.60 19.21
7.57 19.48
7.72 19.50
7.95 19.49
8.53 19.57
8.61 19.54
8.61 19.49
6.94 18.90
6.72 18.89
6.61 18.87
6.75 18.77
6.79 17.04
6.66 18.60
6.48 18.85
6.66 18.72
6.62 18.76
6.59 18.80
6.65 18.82
6.67 18.85
6.50 18.90
6.44 18.92
6.31 18.85
6.71 16.90
6.50 16.73
6.43 16.72
6.48 16.82
6.79 16.77
6.86 16.72
6.96 16.72
6.86 16.67
6.86 16.63
6.45 16.40
6.54 16.63
6.52 16.70
5.86 15.93
6.54 16.30
6.61 16.67
5.92 18.54
5.88 18.57
6.61 16.99
6.55 16.91
5.84 18.64
5.71 18.79
5.64 18.87
5.61 18.83
13.36 18.96
13.39 18.93
13.38 18.98
2.75 16.75
12.85 11.46
10.68 17.72
10.66 17.72
10.69 17.73
12.99 11.48
13.37 11.30
12.90 10.66
12.85 10.38
11.84 10.22
11.84 10.31
12.44 10.55
12.59 10.54
12.67 10.53
6.54 16.69
5.68 16.53
12.28 12.86
12.12 12.97
12.38 13.10
6.66 16.83
6.56 16.71
6.50 16.73
6.63 16.80
6.64 16.73
9.62 20.30
9.63 19.97
9.68 19.78
9.64 19.67
9.58 19.52
9.57 19.44
9.48 19.37
9.25 18.89
8.93 18.28
8.84 18.10
8.73 18.05
6.80 19.25
6.50 19.21
6.24 19.14
5.95 19.03
5.79 19.02
5.73 18.93
5.69 18.89
5.63 18.77
5.56 18.72
5.56 18.69
4.56 17.90
4.42 17.81
4.39 17.69
4.35 17.48
3.86 17.23
3.02 15.93
2.90 15.59
2.76 15.44
2.73 14.87
2.69 14.75
2.80 14.47
3.31 13.68
3.16 12.46
3.43 12.31
3.70 12.04
4.17 11.79
6.48 15.80
5.97 14.90
8.53 16.98
8.92 7.44
8.45 9.97
8.94 7.37
9.27 7.16
9.88 7.41
10.25 8.12
10.58 8.09
11.34 8.38
12.30 9.44
12.58 14.70
13.70 9.47
13.86 9.44
13.86 9.33
13.92 8.91
13.80 8.98
13.96 8.83
14.47 8.73
14.80 8.69
15.67 8.74
16.16 8.70
16.30 8.81
17.12 8.81
17.27 8.91
17.38 9.10
17.52 9.19
17.65 9.31
18.64 10.55
18.71 10.58
18.82 10.60
18.86 10.63
18.91 10.69
18.95 10.89
19.34 13.61
17.66 13.42
17.69 13.40
17.41 13.80
17.22 13.80
16.96 13.89
16.37 14.76
8.90 19.73
8.69 19.71
8.57 19.72
7.98 19.53
7.65 19.52
7.61 19.55
6.58 19.23
6.56 19.25
6.65 19.17
6.38 19.03
6.47 18.95
6.48 18.85
5.17 17.82
13.01 17.41
12.61 17.58
10.27 17.89
9.26 17.87
8.80 17.71
14.21 13.97
14.44 13.97
16.86 12.63
16.91 12.59
12.90 7.83
12.88 7.80
12.96 7.75
13.13 7.97
3.85 13.08
3.66 12.33
3.74 12.24
3.87 12.15
4.31 12.28
4.30 12.36
4.31 12.39
4.45 12.26
4.41 12.06
4.59 12.06
4.58 12.16
4.39 11.83
4.33 11.72
4.27 11.60
4.19 11.54
3.73 11.26
3.60 11.23
3.47 11.19
3.42 11.35
3.11 10.95
3.05 10.89
2.93 10.79
2.82 10.65
2.79 10.74
2.73 10.75
2.68 10.65
2.62 10.60
2.58 10.58
2.59 10.59
2.59 10.81
2.52 10.79
2.53 10.63
2.42 10.79
2.53 11.40
2.35 10.68
2.33 9.99
2.54 9.66
2.66 9.55
2.66 9.19
2.45 8.82
2.47 8.72
2.54 8.56
2.56 8.43
2.49 8.41
2.49 8.33
2.47 8.31
2.48 8.26
2.61 7.98
2.37 8.23
2.29 8.33
2.21 8.38
2.11 8.43
2.10 8.44
2.12 8.49
2.12 8.54
2.07 8.58
2.14 8.63
1.99 8.87
2.06 9.13
2.07 9.33
2.08 9.40
2.16 9.67
2.20 9.87
2.47 10.30
2.55 10.36
2.57 10.29
2.44 9.83
2.62 9.59
2.71 9.41
2.80 9.37
2.86 9.29
2.90 8.86
3.07 8.82
2.86 8.58
2.81 8.42
2.79 8.32
2.93 7.97
3.04 7.84
3.08 7.84
3.11 7.80
3.28 8.34
3.23 8.39
3.20 8.36
3.02 8.72
3.15 8.43
3.06 8.73
2.79 8.49
2.72 8.62
2.65 8.39
2.77 8.12
2.69 8.01
2.73 7.93
2.85 7.81
2.97 7.87
3.08 7.84
3.33 8.32
3.29 8.41
3.13 7.82
3.11 7.82
3.26 8.32
3.23 8.36
3.22 8.50
2.86 8.45
2.63 8.57
2.51 8.61
2.19 9.55
2.36 9.47
2.34 9.81
2.30 9.92
2.52 10.29
2.48 10.42
2.56 10.49
2.60 10.56
2.60 10.67
2.52 10.73
2.74 11.27
2.74 11.38
2.81 11.55
2.84 11.86
2.63 11.79
2.56 11.89
2.33 10.84
2.21 10.39
2.27 10.28
2.18 9.98
2.19 9.66
2.39 9.55
2.38 9.44
2.36 9.30
2.21 8.95
2.35 8.69
2.52 8.36
2.54 7.91
2.57 7.83
2.75 7.57
2.86 7.48
2.89 7.30
2.84 7.24
2.76 7.32
2.73 7.31
2.77 7.32
2.88 7.30
2.59 8.31
2.41 8.76
2.33 8.97
2.29 9.29
2.36 10.11
2.14 9.79
2.32 9.99
2.05 9.67
1.94 9.92
1.99 9.56
1.78 9.45
1.93 9.52
1.74 9.11
1.81 8.85
1.81 8.73
1.89 8.60
2.16 8.59
2.05 8.71
2.46 8.50
2.34 8.75
2.43 8.73
2.71 8.86
2.65 8.91
2.37 9.12
1.92 10.09
1.99 10.21
2.16 10.39
2.23 10.39
2.31 10.55
2.89 11.87
2.91 11.64
3.05 12.06
3.06 12.02
3.08 12.06
3.08 12.07
2.78 11.33
2.77 11.26
2.83 11.28
2.85 11.42
3.02 11.70
2.95 11.54
3.12 11.76
3.03 11.91
3.22 12.24
3.28 12.31
3.26 12.42
3.35 12.56
3.08 12.44
3.13 12.37
3.15 12.34
3.09 12.39
3.05 12.44
3.02 12.44
3.02 12.44
3.06 12.52
3.13 12.76
3.17 12.93
3.42 13.72
3.43 13.80
3.54 13.89
3.73 14.12
3.80 14.13
4.28 14.46
4.70 14.79
5.02 15.21
5.10 15.36
5.07 15.37
5.01 15.48
5.14 15.63
5.33 15.60
5.12 15.63
3.18 15.42
2.82 14.85
2.76 14.74
7.62 14.44
3.77 14.60
11.85 6.65
3.68 12.40
3.25 12.13
3.25 11.94
2.99 11.37
2.38 9.68
2.26 9.28
2.28 8.65
2.42 8.42
2.40 8.31
2.28 7.74
2.42 7.64
2.50 7.46
2.56 7.36
2.59 7.60
2.68 7.65
2.62 7.88
2.64 8.16
2.70 8.43
2.78 8.67
2.82 8.79
2.98 9.26
3.26 9.62
3.20 9.63
4.15 9.87
3.48 9.74
3.51 9.75
3.69 9.92
4.15 9.89
4.65 9.77
4.63 9.76
4.69 9.75
4.56 9.94
4.34 10.24
3.02 9.53
2.98 9.99
2.67 10.14
2.96 10.07
2.86 10.20
5.93 9.80
7.50 9.95
7.52 10.04
7.45 10.13
7.54 10.19
2.67 9.97
7.53 9.88
7.46 9.91
2.58 9.91
2.54 10.02
2.47 9.66
2.53 10.76
2.56 10.77
2.45 10.68
2.45 10.33
2.50 10.22
2.54 10.29
2.57 10.35
2.65 10.61
2.80 11.28
2.73 11.32
2.71 11.76
2.68 11.82
2.64 11.99
2.70 11.83
2.71 11.60
2.70 11.55
2.67 11.44
2.72 11.54
2.70 11.60
3.10 12.57
2.89 12.79
2.91 12.72
2.25 9.93
2.58 9.75
1.95 9.15
2.62 9.81
2.81 10.22
13.60 10.79
13.43 10.96
14.01 11.56
14.17 12.35
14.26 12.38
13.88 11.12
14.19 10.84
4.72 14.63
5.71 10.01
4.86 15.24
4.85 15.23
4.74 14.83
4.74 15.40
4.70 15.57
14.79 5.84
14.65 5.79
14.28 6.11
14.37 6.13
14.39 6.13
14.31 6.23
14.32 6.37
13.05 6.30
12.92 6.45
12.73 6.51
12.73 6.51
12.24 6.31
14.24 9.67
14.05 10.10
14.63 10.55
14.62 11.00
14.85 11.11
14.86 11.29
14.88 11.02
14.75 10.91
15.03 11.11
2.70 12.72
2.74 14.68
2.81 14.56
2.75 14.64
2.73 14.69
2.65 14.77
1.77 9.74
1.90 9.33
2.04 9.25
2.22 9.27
2.24 8.92
2.35 8.96
2.53 9.18
2.35 9.03
2.56 9.20
2.34 9.02
2.47 9.21
2.42 9.38
2.38 9.39
2.36 9.43
2.35 9.47
2.30 9.48
2.28 9.51
2.23 9.57
2.13 9.32
2.09 9.31
2.05 9.38
2.02 9.33
1.98 9.30
1.98 9.39
1.99 9.32
1.98 9.29
1.99 9.26
2.02 9.17
2.14 9.12
2.38 8.85
2.63 8.79
2.74 8.56
2.83 8.42
3.14 8.58
3.19 8.49
3.15 8.48
2.86 8.26
2.77 8.41
2.76 8.51
2.65 8.68
2.62 8.84
2.61 9.21
2.50 9.42
2.41 9.58
2.40 9.73
2.46 9.76
2.49 9.87
2.71 10.08
2.80 10.18
2.91 10.08
3.19 10.42
3.21 10.46
3.22 10.54
3.28 10.49
3.23 10.56
3.30 10.53
3.37 10.75
3.39 10.75
3.42 10.72
3.44 10.89
3.48 10.82
3.48 10.87
3.46 10.86
3.50 11.15
3.49 11.23
3.44 11.25
3.44 11.22
3.33 11.03
3.19 11.01
3.16 10.94
2.90 10.45
2.70 9.75
2.63 9.65
2.55 9.49
2.73 9.33
2.71 8.99
2.87 8.80
2.88 8.58
3.15 8.66
3.16 8.52
3.18 8.49
3.19 8.45
3.07 7.85
3.11 7.83
3.17 7.76
3.17 7.78
3.16 7.83
3.37 8.35
3.37 8.49
3.42 8.58
3.49 8.66
3.55 8.72
3.63 8.89
3.73 9.23
4.40 9.66
4.52 9.84
4.68 10.05
4.89 10.11
4.90 10.45
5.37 10.70
4.61 10.72
4.49 10.59
4.69 10.82
4.52 10.68
4.36 10.65
4.10 10.79
3.94 10.62
4.01 10.40
3.77 10.42
3.51 10.35
3.34 9.96
3.35 9.81
3.30 9.57
3.35 9.80
3.46 9.62
3.27 8.99
3.47 9.23
3.56 9.26
3.47 9.24
3.45 9.20
3.53 9.17
4.31 9.55
4.01 9.88
3.22 9.96
3.14 9.98
3.16 9.98
3.25 9.95
3.28 9.93
3.38 9.92
3.42 9.88
3.37 9.78
3.01 9.62
2.91 9.58
2.75 9.52
2.63 9.52
2.55 9.46
2.51 9.54
2.48 9.62
2.48 9.51
2.48 9.44
2.44 9.36
2.43 8.87
2.61 8.88
2.71 8.73
2.80 8.62
2.76 8.47
2.79 8.57
2.82 8.54
3.02 8.60
2.83 8.54
3.07 8.71
2.99 8.99
3.09 9.00
3.20 8.97
3.21 9.02
3.48 9.39
3.52 9.02
3.79 9.42
4.24 9.64
4.32 9.65
4.35 9.73
4.34 9.82
4.36 9.81
4.38 9.83
4.35 9.86
4.35 9.89
4.25 10.00
4.22 10.21
3.89 10.25
3.90 10.17
3.83 10.19
3.75 10.21
3.63 10.23
3.35 9.94
3.25 9.86
3.23 9.78
2.92 9.63
2.84 9.61
2.81 9.65
2.75 9.62
2.71 9.41
2.54 8.93
2.59 8.78
2.72 8.54
2.76 8.17
2.67 7.86
2.74 7.64
2.78 7.56
2.75 7.36
2.88 7.01
3.01 6.71
2.98 6.71
3.25 6.54
3.47 6.28
3.50 5.88
3.97 5.74
4.55 5.71
4.78 5.73
5.26 5.66
5.57 5.51
6.45 5.61
6.81 5.38
7.53 5.47
7.70 5.42
7.93 5.27
8.00 5.49
8.19 5.59
8.77 6.36
8.67 6.44
8.61 6.65
8.81 6.52
9.23 6.38
10.17 6.19
10.58 6.18
13.51 6.69
14.86 7.13
14.87 7.43
14.78 7.63
14.80 7.46
14.48 7.58
14.43 7.69
14.49 7.21
14.65 7.12
15.07 6.80
15.01 6.82
15.10 6.69
15.46 6.58
15.82 6.50
16.33 6.64
16.35 6.88
17.44 8.57
17.50 8.64
17.54 8.71
17.59 8.76
17.66 8.77
17.71 8.84
17.84 8.91
17.89 9.05
18.84 10.54
18.93 10.49
19.48 10.65
19.39 10.78
19.34 10.88
19.62 11.54
19.66 11.69
19.66 11.80
19.66 11.83
19.66 11.77
19.65 11.83
19.66 11.84
19.65 11.91
19.64 11.98
19.64 11.94
19.65 11.89
19.65 11.91
19.65 11.91
19.65 11.87
19.65 11.89
19.65 11.92
19.64 11.94
19.64 11.96
19.65 11.96
19.64 11.86
19.64 11.84
19.63 11.87
19.63 11.83
19.64 11.86
19.63 11.76
19.63 11.74
19.63 11.76
19.62 11.68
19.63 11.73
19.62 11.53
19.61 11.53
19.60 11.49
19.60 11.54
19.61 11.53
19.39 10.93
19.42 10.91
19.42 10.90
19.39 10.93
19.40 10.90
19.40 10.89
19.41 10.89
19.39 10.89
19.35 10.92
19.60 11.42
19.62 11.46
19.63 11.54
19.63 11.55
19.67 11.63
19.68 11.75
19.64 11.70
19.61 11.69
19.65 11.81
19.68 11.75
19.69 11.71
19.69 11.65
19.68 11.60
19.69 11.67
19.70 11.68
19.68 11.59
19.65 11.53
19.63 11.47
19.65 11.54
19.63 11.48
19.61 11.45
19.61 11.45
19.62 11.48
19.65 11.65
19.66 11.76
19.67 11.88
19.68 11.87
19.68 11.81
19.66 11.67
19.65 11.61
19.65 11.54
19.63 11.49
19.62 11.46
19.39 10.92
19.40 10.92
19.39 10.92
19.38 10.92
19.61 11.47
19.60 11.45
19.61 11.48
19.35 10.94
19.37 10.94
19.38 10.94
19.40 10.94
19.42 10.92
19.43 10.91
19.47 10.87
19.44 10.90
19.40 10.93
19.62 11.46
19.38 10.94
19.39 10.93
19.37 10.95
19.38 10.94
19.41 10.91
19.39 10.93
19.37 10.93
19.62 11.44
19.64 11.64
19.66 11.76
19.66 11.74
19.65 11.63
19.64 11.61
19.64 11.60
19.65 11.60
19.65 11.59
19.64 11.58
19.63 11.53
19.63 11.55
19.63 11.52
19.62 11.52
19.63 11.54
19.61 11.46
19.61 11.45
19.38 10.90
19.38 10.90
19.39 10.88
19.37 10.92
19.39 10.87
19.41 10.86
19.41 10.87
19.42 10.87
19.45 10.82
19.45 10.81
19.44 10.84
19.44 10.84
19.46 10.84
19.51 10.77
19.49 10.74
19.44 10.72
19.40 10.72
19.38 10.76
19.40 10.75
19.44 10.73
19.45 10.73
19.44 10.75
19.43 10.72
19.43 10.72
19.42 10.75
19.40 10.74
19.41 10.73
19.39 10.74
19.34 10.74
18.99 10.58
18.96 10.59
18.99 10.56
19.42 10.80
19.46 10.80
19.40 10.89
19.38 10.91
19.40 10.89
19.43 10.89
19.45 10.89
19.47 10.87
19.46 10.88
19.46 10.86
19.48 10.81
19.49 10.81
19.50 10.80
19.56 10.75
19.56 10.74
19.56 10.76
19.51 10.81
19.43 10.88
19.42 10.89
19.63 11.50
19.63 11.49
19.63 11.50
19.63 11.48
19.62 11.49
19.62 11.54
19.43 10.97
19.43 10.94
19.44 10.93
19.44 10.90
19.44 10.91
19.43 10.93
19.43 10.94
19.46 10.87
19.52 10.80
19.59 10.75
20.55 8.83
20.55 8.84
20.54 8.85
19.61 10.74
19.62 10.74
19.59 10.75
19.59 10.75
19.57 10.75
19.55 10.76
19.54 10.76
19.51 10.77
19.52 10.78
19.53 10.78
19.55 10.77
19.56 10.75
19.52 10.79
19.49 10.84
19.52 10.82
19.53 10.80
19.54 10.81
19.55 10.80
19.56 10.79
19.56 10.79
19.56 10.78
19.57 10.79
19.58 10.79
19.59 10.78
19.58 10.79
19.61 10.77
19.59 10.79
19.60 10.77
19.59 10.78
20.55 8.84
20.55 8.84
20.55 8.82
20.55 8.82
20.55 8.82
20.55 8.83
20.56 8.82
20.56 8.82
20.56 8.81
20.55 8.83
20.55 8.84
19.56 10.79
19.55 10.80
19.50 10.86
19.48 10.90
19.44 10.93
19.44 10.96
19.65 11.48
19.45 10.97
19.65 11.47
19.48 10.97
19.50 10.99
19.50 10.99
19.50 10.99
19.50 10.98
19.67 11.51
19.69 11.56
19.68 11.53
19.69 11.57
19.69 11.57
19.69 11.57
19.63 10.84
20.57 8.79
20.57 8.78
20.58 8.77
20.57 8.78
20.57 8.79
20.57 8.80
20.56 8.82
20.55 8.85
20.55 8.86
19.55 10.85
19.56 10.83
19.55 10.82
19.54 10.81
19.55 10.79
19.54 10.78
19.54 10.77
19.53 10.77
19.54 10.76
19.53 10.75
19.55 10.75
20.54 8.86
20.54 8.85
20.56 8.82
20.56 8.81
20.57 8.80
20.56 8.80
20.57 8.80
20.57 8.79
20.58 8.77
20.59 8.75
20.59 8.74
20.59 8.74
20.59 8.74
20.59 8.74
17.80 8.73
17.73 8.72
17.63 8.69
17.62 8.66
17.53 8.63
17.47 8.58
17.42 8.55
16.28 7.79
15.22 7.61
14.81 7.82
13.68 8.02
13.01 8.02
12.53 8.18
12.21 7.93
11.55 7.73
10.00 7.33
9.12 7.23
7.14 7.79
6.20 8.14
5.67 8.49
5.43 8.78
3.78 8.37
3.24 7.69
2.88 7.78
2.77 7.80
2.60 7.88
2.57 7.76
2.46 7.65
2.35 7.51
2.35 7.50
2.28 7.59
2.24 7.57
2.21 7.66
1.97 7.86
1.93 7.85
1.91 7.73
1.89 7.71
1.89 7.72
1.94 7.77
1.95 7.78
1.92 7.81
1.94 7.93
1.94 8.08
1.99 8.08
1.99 8.07
2.00 8.05
1.97 8.04
1.90 8.06
1.97 7.97
2.13 7.80
2.25 7.70
2.28 7.77
2.31 7.78
2.26 7.85
2.36 7.73
2.45 7.69
2.51 7.60
2.51 7.52
2.52 7.50
2.58 7.39
2.59 7.36
2.58 7.38
2.62 7.32
2.61 7.39
2.63 7.45
2.59 7.73
2.58 7.88
2.57 7.92
2.61 7.93
2.68 8.16
2.72 8.19
2.66 7.96
2.69 8.00
2.71 7.92
2.69 7.89
2.68 7.92
2.71 7.89
2.70 7.89
2.66 7.97
2.75 8.19
2.80 8.14
2.78 8.13
2.76 7.99
2.81 7.99
2.66 7.98
2.66 7.80
2.70 7.61
2.79 7.34
2.79 7.36
2.84 7.26
2.84 7.26
2.96 7.11
2.98 7.10
3.18 7.25
2.94 7.12
2.89 7.10
2.92 7.06
3.04 6.82
3.13 6.75
3.46 6.59
3.93 6.26
4.27 5.83
4.59 5.66
4.56 5.61
4.52 5.53
4.58 5.60
4.62 5.61
4.61 5.60
4.59 5.64
4.49 5.66
4.47 5.62
4.44 5.66
4.42 5.63
4.41 5.62
4.42 5.61
4.41 5.62
4.35 5.54
4.29 5.54
3.74 6.05
3.21 6.83
3.17 7.31
2.81 7.50
2.69 7.71
2.61 7.90
2.66 8.16
2.68 8.14
2.61 7.95
2.61 7.89
2.63 7.84
2.54 7.90
2.53 8.31
2.52 8.37
2.45 8.62
2.34 8.92
2.45 9.39
2.47 9.45
2.39 9.56
2.36 9.80
2.36 9.83
2.33 9.91
2.35 9.87
2.34 9.87
2.39 9.91
2.40 9.95
2.41 9.89
2.41 9.91
2.42 9.88
2.39 9.89
2.39 9.89
2.40 9.83
2.41 9.82
2.40 9.81
2.47 9.69
2.59 9.30
2.47 8.81
2.54 8.54
2.53 8.49
2.60 8.29
2.68 8.19
2.63 8.31
2.67 8.10
2.67 7.91
2.64 7.91
2.60 7.83
2.66 7.76
2.66 7.73
2.65 7.59
2.59 7.68
2.62 7.63
2.54 7.62
2.44 7.74
2.38 7.84
2.36 7.84
2.27 7.84
2.17 7.86
1.96 7.84
1.89 7.80
1.82 7.82
1.80 7.86
1.81 7.94
1.86 7.94
1.92 7.98
1.89 7.96
1.85 8.08
1.90 8.03
1.92 8.13
1.95 8.14
1.93 8.16
1.96 8.06
1.94 8.08
1.94 8.09
1.91 8.13
1.95 8.25
2.02 8.07
1.94 8.01
1.98 7.97
1.82 7.89
1.82 8.01
1.80 8.01
1.77 7.92
1.84 7.72
1.86 7.68
1.82 7.64
1.87 7.66
1.96 7.60
2.01 7.56
2.37 7.54
2.39 7.64
2.43 7.64
2.46 7.68
2.53 7.64
2.61 7.66
2.56 7.86
2.54 7.80
2.55 7.71
2.55 7.72
2.52 7.76
2.49 7.78
2.50 7.76
2.50 7.75
2.50 7.76
2.48 7.71
2.47 7.57
2.48 7.51
2.45 7.40
2.37 7.42
2.41 7.39
2.49 7.34
2.53 7.27
2.54 7.36
2.49 7.40
2.52 7.37
2.59 7.36
2.64 7.37
2.79 7.28
2.90 7.24
3.21 7.35
3.36 7.33
3.50 7.26
3.54 7.24
3.74 7.16
4.38 7.28
4.44 7.34
4.49 7.36
4.62 7.38
4.72 7.38
4.73 7.39
4.80 7.46
4.92 7.36
5.01 7.37
6.42 8.00
7.00 8.26
6.71 8.01
6.45 8.08
6.78 8.09
7.02 8.27
7.26 8.59
7.51 7.98
16.10 8.80
7.04 8.53
6.82 8.48
6.36 7.86
5.68 7.30
7.43 7.53
8.63 7.32
8.28 7.16
4.56 6.24
4.29 5.86
3.78 6.18
3.90 6.17
3.68 6.42
3.46 6.40
2.90 6.65
2.58 6.74
2.37 6.90
2.35 7.26
2.40 7.33
2.45 7.39
2.45 7.55
2.48 7.45
2.51 7.45
2.58 7.30
2.66 6.91
2.84 6.78
3.13 6.76
3.49 6.70
3.85 6.48
5.67 7.25
7.57 7.47
7.44 7.51
7.76 7.31
8.19 6.89
7.76 7.59
13.66 8.60
13.56 8.56
13.70 8.31
1.85 7.83
1.92 7.73
1.95 7.66
1.88 7.80
1.94 7.64
2.01 7.62
2.31 7.67
2.50 7.41
2.72 7.35
2.88 7.34
14.46 11.04
14.50 11.08
4.85 6.92
6.71 7.74
8.24 7.73
14.07 8.75
7.01 6.35
6.58 6.03
5.55 6.59
5.43 6.57
13.59 8.67
9.35 7.21
9.25 7.34
8.88 7.24
8.99 6.94
2.64 7.53
2.67 6.52
11.93 9.07
12.33 9.47
12.21 9.99
12.61 9.82
12.34 9.98
12.50 9.74
8.81 7.79
8.40 7.64
7.01 7.50
5.00 6.51
3.69 7.12
3.42 7.30
3.31 7.46
3.16 7.63
2.92 7.71
2.80 7.75
2.79 7.81
2.71 7.89
2.75 8.17
2.85 7.70
3.19 7.52
3.43 7.28
3.51 6.84
3.83 6.57
4.07 6.26
3.97 6.01
4.03 5.96
4.06 5.92
4.00 5.98
4.12 5.80
4.21 5.75
4.22 5.68
4.16 5.69
4.13 5.64
4.19 5.65
4.22 5.53
4.23 5.43
4.23 5.48
4.35 5.38
4.47 5.37
4.85 5.30
5.20 5.12
5.52 4.99
6.16 4.94
6.61 5.16
6.73 5.10
6.97 5.05
7.67 5.35
7.84 5.47
7.91 5.55
8.82 6.13
8.84 6.25
9.52 6.32
8.99 6.16
9.10 6.15
9.06 6.06
5.78 5.15
5.32 5.26
5.20 5.13
4.84 5.37
4.54 5.76
4.60 5.78
4.75 6.34
4.69 6.56
4.56 6.65
4.31 6.74
4.13 6.82
3.73 7.04
3.47 7.33
3.25 7.56
3.05 7.73
2.91 7.73
2.76 7.92
2.67 8.02
2.57 8.04
2.55 7.88
2.49 7.74
2.53 7.77
2.56 7.66
2.69 7.62
2.70 7.69
2.67 7.63
2.66 7.63
2.76 7.62
2.65 7.66
2.69 7.69
2.59 7.68
2.59 7.73
2.58 7.67
2.51 7.69
2.46 7.71
2.46 7.67
2.39 7.68
2.36 7.68
2.29 7.69
2.26 7.72
2.21 7.81
2.23 7.85
2.21 7.86
2.10 7.95
2.07 7.94
2.08 7.91
2.04 7.98
2.05 8.03
2.05 8.02
2.02 8.09
2.02 7.98
2.25 8.27
2.10 8.01
2.16 7.97
2.15 7.96
2.16 7.91
2.20 7.92
2.21 7.92
2.30 7.89
2.25 7.89
2.30 7.90
2.26 7.93
2.19 7.95
2.29 7.86
2.23 7.96
2.38 8.19
2.34 8.20
2.34 8.22
2.30 8.24
2.30 8.23
2.18 7.99
2.19 8.00
2.20 8.01
2.23 7.99
2.28 7.97
2.36 8.22
2.34 8.22
2.17 7.99
2.21 7.88
2.24 7.85
2.37 8.22
2.26 7.92
2.25 7.92
2.24 7.89
2.27 7.80
2.22 7.96
2.28 7.92
2.29 8.22
2.24 7.89
2.22 7.92
2.18 7.99
2.31 7.84
2.26 7.81
2.22 7.85
2.18 7.96
2.23 7.91
2.18 7.97
2.20 7.93
2.23 7.87
2.11 7.95
2.13 7.97
2.15 7.94
2.13 7.95
2.13 7.95
2.21 7.89
2.14 7.96
2.10 8.01
2.26 8.25
2.13 8.02
2.27 8.23
2.28 8.23
2.24 8.27
2.24 8.26
2.01 8.08
2.62 7.95
2.91 8.11
3.14 8.45
3.18 8.44
2.86 8.14
2.79 7.94
3.19 8.35
2.89 7.85
3.04 7.79
3.02 7.82
3.16 8.32
3.14 7.84
3.25 7.77
3.21 7.74
3.30 7.67
3.43 7.65
3.25 7.69
3.43 7.53
3.55 7.47
3.58 7.23
3.62 7.23
3.78 7.29
3.84 7.16
3.98 6.77
4.22 6.52
4.00 6.42
3.99 6.30
3.99 6.29
3.97 6.28
3.94 6.22
4.00 6.24
3.91 6.23
4.11 5.91
4.35 6.20
4.36 6.25
4.35 6.32
4.31 6.44
4.35 6.26
4.42 6.27
4.32 6.41
4.29 6.38
4.37 6.40
4.38 6.36
4.39 6.40
4.33 6.33
4.29 6.38
4.33 6.39
4.28 6.42
4.25 6.37
4.24 6.37
4.24 6.40
4.32 6.37
4.36 6.37
4.31 6.38
4.24 6.41
4.30 6.34
4.42 6.39
4.55 6.34
4.54 6.40
4.57 6.21
4.51 5.96
4.67 6.16
4.77 6.28
4.78 6.20
5.09 6.38
4.94 5.96
5.31 6.48
5.29 6.39
5.52 6.45
5.73 6.43
6.04 6.60
5.95 6.74
5.50 6.66
5.54 6.49
5.41 6.67
4.82 6.92
4.15 7.05
7.69 5.31
7.64 5.30
7.64 5.30
7.62 5.30
7.47 5.36
6.93 4.24
5.25 5.46
4.55 6.01
3.22 8.43
3.38 9.61
3.41 9.79
3.44 10.03
3.51 9.78
3.64 9.90
3.72 9.90
3.92 10.13
3.98 10.09
4.26 10.49
4.44 10.34
4.34 10.72
5.16 10.40
5.36 9.54
5.75 9.71
5.78 9.52
5.65 9.51
5.45 9.42
5.46 9.35
5.52 8.90
5.47 9.09
5.75 8.91
6.13 8.77
5.93 8.91
5.87 8.76
5.97 8.58
5.89 8.35
5.74 8.13
6.22 8.29
6.34 8.11
4.86 12.52
4.71 12.60
4.68 12.61
5.40 12.56
5.46 12.45
5.41 12.43
5.33 12.51
5.30 12.56
5.27 12.61
4.64 12.65
4.57 12.74
4.56 13.35
4.54 13.60
4.57 13.75
4.59 13.87
4.62 13.92
4.64 13.98
4.64 14.02
4.57 14.00
4.53 14.06
4.74 14.28
4.62 14.62
4.73 15.11
4.80 15.35
4.74 15.45
4.72 15.52
4.68 15.59
4.64 15.60
4.62 15.58
4.56 15.48
4.57 15.54
4.59 15.58
4.57 15.55
4.59 15.57
4.60 15.50
4.64 15.44
4.70 15.40
4.71 15.36
4.74 15.33
4.75 15.25
4.73 15.27
4.71 15.28
4.74 15.31
4.75 15.33
4.76 15.32
4.69 15.41
4.65 15.46
4.67 15.46
4.76 15.41
4.72 15.43
4.80 15.38
4.79 15.35
4.70 15.51
4.68 15.48
4.68 15.50
4.64 15.44
4.63 15.46
4.59 15.52
4.53 15.47
4.55 15.49
4.54 15.58
4.68 15.58
4.71 15.63
4.67 15.72
4.64 15.84
4.64 15.89
4.67 15.79
4.76 15.75
4.90 15.76
5.12 15.39
5.11 15.49
5.14 15.46
5.15 15.35
4.99 15.53
5.11 15.35
7.04 14.45
5.19 15.24
4.57 15.65
4.66 16.31
4.65 16.35
7.30 14.64
7.46 14.64
7.48 13.83
7.44 13.69
7.42 13.02
7.53 12.87
11.67 9.58
11.74 9.71
2.99 13.16
3.23 12.41
5.60 12.67
3.42 11.79
3.41 11.53
2.60 9.84
2.63 9.51
2.70 9.21
2.58 9.20
2.41 9.31
2.44 9.18
2.45 9.34
2.39 9.45
2.46 9.37
2.59 9.16
2.58 9.22
2.70 9.14
2.82 9.32
2.86 9.19
3.83 9.40
3.72 9.40
3.69 9.48
3.46 9.60
3.60 9.74
3.40 9.93
3.32 10.01
3.37 10.42
3.61 10.54
3.54 10.72
3.66 10.66
3.78 10.97
3.84 11.26
3.63 11.30
3.51 11.23
3.15 11.26
2.93 11.27
2.94 11.33
2.84 11.29
2.83 11.21
2.91 11.13
2.80 11.19
2.82 11.23
2.79 11.25
2.64 10.86
2.70 10.88
2.93 11.14
2.94 11.14
2.95 11.18
3.02 11.20
3.02 11.23
3.03 11.23
2.94 10.90
2.97 10.90
2.87 10.90
2.79 10.86
2.76 10.84
2.79 10.69
2.70 10.67
2.65 10.73
2.62 10.75
2.70 10.74
2.64 10.80
2.69 10.83
2.69 10.68
2.92 10.87
2.82 10.79
2.78 10.76
2.80 10.81
2.70 10.77
2.70 10.90
2.68 10.90
2.86 11.15
2.65 10.81
2.72 10.76
2.75 10.79
2.72 10.57
2.76 10.72
2.79 10.60
2.77 10.53
2.76 10.31
2.84 10.23
2.65 9.74
2.77 9.69
3.01 9.64
2.92 9.46
2.83 9.24
2.64 8.91
2.69 8.73
2.81 8.77
2.90 8.71
2.76 8.63
2.79 8.57
2.80 8.55
2.77 8.50
2.72 8.58
2.60 8.49
2.51 8.71
2.42 8.77
2.41 8.79
2.46 8.77
2.48 8.91
2.40 8.82
2.32 8.84
2.32 8.90
2.46 8.87
2.46 8.85
2.61 8.90
2.49 8.88
2.61 8.84
2.61 8.82
2.65 8.78
2.67 8.74
2.73 8.70
2.80 8.64
2.78 8.57
2.80 8.56
2.82 8.56
2.82 8.55
2.76 8.57
2.82 8.49
2.87 8.34
2.85 8.38
2.89 8.42
2.83 8.39
2.78 8.34
2.76 8.35
2.87 8.25
3.16 8.53
3.19 8.52
3.20 8.50
3.22 8.52
3.19 8.53
3.25 8.40
3.22 8.41
3.30 8.48
3.31 8.42
3.29 8.44
3.28 8.47
3.28 8.49
3.27 8.45
3.29 8.46
3.25 8.50
3.21 8.41
3.21 8.49
3.25 8.40
3.29 8.58
3.26 8.56
3.22 8.53
3.25 8.55
3.20 8.46
3.19 8.43
3.21 8.53
3.23 8.48
3.25 8.47
3.17 8.49
3.22 8.55
3.27 8.58
3.27 8.67
3.38 8.63
3.40 8.63
3.42 8.67
3.46 8.59
3.48 8.69
3.49 8.66
3.51 8.74
3.56 8.74
3.53 8.74
3.55 8.78
3.58 8.76
3.56 8.78
3.53 8.77
3.54 8.70
3.51 8.66
3.49 8.70
3.49 8.63
3.45 8.64
3.39 8.55
3.34 8.58
3.36 8.45
3.27 7.81
3.19 7.86
3.18 7.79
3.19 7.80
3.33 7.62
3.45 7.35
3.53 7.22
3.63 7.10
3.78 6.63
3.71 6.61
3.69 6.65
3.60 6.60
3.52 6.61
3.44 6.66
3.30 6.77
3.29 6.74
3.36 6.61
3.33 6.62
3.39 6.57
3.20 6.74
3.44 6.49
3.48 6.47
3.33 6.69
3.28 6.69
3.35 6.71
3.35 6.69
3.42 6.75
3.59 6.61
3.62 6.69
3.72 6.71
3.78 6.78
3.58 7.18
3.62 7.19
3.65 7.18
3.78 7.04
3.81 6.82
3.71 6.79
3.66 7.07
3.75 7.07
3.67 7.21
3.69 7.18
3.73 7.11
3.70 7.17
3.77 7.07
3.73 7.12
4.30 7.28
3.82 7.04
3.71 7.06
3.72 7.08
3.64 7.10
3.60 7.09
3.59 7.04
3.51 7.09
3.55 7.04
3.63 7.17
3.66 7.11
3.65 7.22
3.45 7.29
3.46 7.53
3.44 7.59
3.31 7.71
3.31 7.91
3.22 7.73
3.41 7.88
3.44 8.01
3.39 7.82
3.48 7.80
3.58 7.62
3.66 7.42
3.70 7.30
3.75 7.25
3.73 7.22
3.90 7.21
3.97 7.28
4.53 7.41
3.69 7.38
2.92 7.34
2.71 7.51
2.61 7.97
2.56 7.94
2.73 8.24
2.82 8.17
2.87 8.22
2.79 8.31
2.69 8.36
2.59 8.40
2.56 8.51
2.66 8.51
2.72 8.59
3.08 8.77
3.06 8.87
3.23 8.74
3.47 9.27
3.48 9.34
3.56 9.27
3.52 9.33
3.27 8.88
3.37 8.92
3.48 9.30
3.36 8.87
3.57 9.31
3.43 8.92
3.71 9.31
3.74 9.30
3.56 8.79
3.61 8.68
3.82 8.63
3.98 8.86
5.59 8.36
8.35 7.72
8.61 7.70
8.55 7.71
9.14 7.83
9.15 7.86
7.68 8.25
7.62 8.19
7.65 8.11
7.74 8.13
7.67 8.27
7.53 8.36
7.42 8.39
6.69 8.17
7.64 8.48
6.92 8.22
8.43 7.91
8.63 7.81
8.74 7.76
8.83 7.71
8.72 7.66
7.78 8.18
7.79 8.39
7.91 8.60
7.90 8.77
8.60 9.40
8.45 9.62
8.28 9.62
8.40 9.81
8.57 10.22
7.57 10.36
7.23 10.46
6.86 10.50
6.47 10.59
6.26 10.43
6.16 10.37
6.08 10.69
5.99 10.89
6.02 11.02
5.95 10.82
6.34 10.23
7.16 10.42
6.75 12.36
6.61 12.47
5.88 12.48
6.46 12.83
6.47 12.94
4.88 13.42
4.80 13.67
4.78 13.80
5.80 12.58
6.48 12.89
5.85 14.32
6.51 12.59
6.56 12.62
6.45 12.74
5.78 12.70
5.76 11.06
5.92 11.15
6.32 10.85
4.79 15.16
4.50 13.93
4.62 14.31
5.54 10.36
5.41 10.46
4.56 14.30
5.08 14.32
4.74 13.75
4.59 14.23
4.61 14.22
5.28 14.67
4.73 14.35
4.68 14.49
4.60 14.17
4.64 14.57
4.71 14.58
4.95 14.93
4.89 14.95
5.44 15.08
5.60 15.08
5.90 14.97
6.32 14.54
6.39 14.54
6.53 14.43
6.60 14.42
6.57 14.47
6.66 14.42
6.65 14.43
6.54 14.56
6.61 14.53
6.52 14.57
6.43 14.64
5.98 14.57
5.98 14.58
5.92 14.60
5.96 14.64
5.78 14.81
5.58 15.04
5.46 15.05
5.29 14.93
5.49 14.80
5.40 14.83
5.36 14.77
5.17 14.72
4.67 14.52
4.39 14.73
4.41 14.75
4.31 14.70
4.31 14.68
4.38 14.64
4.48 14.57
4.37 14.56
4.59 14.62
4.55 14.67
4.57 14.66
4.56 14.58
4.54 14.55
4.55 14.63
4.31 14.48
4.84 15.09
5.41 14.90
6.09 14.95
6.16 14.95
5.99 15.02
5.60 14.68
5.63 14.79
5.49 14.78
5.42 14.93
4.34 13.61
3.69 13.40
3.41 12.59
3.35 12.30
3.18 12.27
3.04 12.18
2.98 12.27
2.97 12.48
2.93 12.38
2.94 12.56
2.97 12.33
3.01 12.41
3.04 12.31
3.09 12.36
3.09 12.33
3.03 12.36
2.99 12.40
3.02 12.29
3.07 12.36
3.05 12.37
2.96 12.40
2.93 12.40
2.98 12.43
3.06 12.40
3.11 12.38
3.16 12.45
3.51 12.40
3.50 12.47
3.56 12.35
3.53 12.34
3.62 12.37
3.63 12.32
3.71 12.37
3.44 12.38
3.45 12.16
3.27 12.14
3.24 12.14
3.43 12.21
3.33 11.96
2.98 11.54
2.74 11.28
2.31 10.66
2.67 11.76
2.36 10.88
2.17 10.34
2.30 10.45
1.94 9.81
2.50 8.99
2.40 9.28
2.90 9.44
2.62 9.92
2.70 10.42
2.75 9.71
2.86 9.44
2.76 9.66
2.52 9.81
3.08 9.73
3.28 9.48
3.40 9.61
3.49 8.96
6.81 11.66
7.61 11.14
8.62 10.50
7.91 10.18
3.48 9.36
3.58 9.30
3.82 9.27
3.61 9.11
3.71 8.94
4.64 9.30
4.02 9.08
4.02 8.85
3.67 8.90
3.51 8.79
3.39 8.72
2.67 8.87
7.36 9.06
9.08 9.61
9.09 9.41
9.46 8.07
9.56 7.89
9.66 7.86
9.53 7.65
8.69 7.62
5.09 7.77
5.17 7.75
5.36 7.48
5.42 8.10
8.61 7.50
3.50 9.01
9.60 6.77
3.70 9.25
3.87 9.23
3.63 7.90
3.36 8.63
3.42 7.70
3.45 8.44
3.52 8.36
5.30 7.78
4.98 5.07
5.66 7.73
5.52 6.73
5.84 6.41
6.52 5.65
6.39 5.50
2.64 9.59
2.68 9.56
2.72 9.63
5.10 5.12
4.91 5.07
4.87 4.95
5.01 4.96
5.25 5.03
5.23 4.83
5.24 4.83
5.30 4.79
5.32 4.81
5.36 4.83
5.33 4.79
5.32 4.74
5.33 4.73
5.37 4.71
5.38 4.63
5.30 4.63
5.29 4.67
5.19 4.72
5.37 4.75
5.21 4.84
5.22 4.79
5.24 4.82
5.35 4.76
5.25 4.97
5.26 4.94
5.43 4.86
5.41 4.85
5.43 4.75
5.45 4.49
6.34 2.89
6.34 2.86
6.46 2.79
6.65 2.91
6.68 2.98
6.59 2.93
7.04 2.60
7.26 2.68
7.53 2.56
7.59 2.68
7.63 2.70
7.64 2.57
7.67 2.65
7.69 2.74
7.85 2.87
7.73 2.82
7.78 3.00
8.27 2.84
10.59 1.81
10.75 1.87
10.87 1.87
10.78 1.85
10.92 2.38
10.80 2.50
10.73 2.59
10.68 2.56
4.71 11.42
4.68 11.25
4.74 11.25
10.73 2.65
10.67 2.55
10.65 2.53
10.64 2.50
9.98 1.76
7.54 14.89
7.44 14.82
7.63 14.76
7.82 14.66
6.64 15.40
7.15 13.70
6.68 16.50
6.72 16.66
6.70 16.58
6.63 16.45
5.94 15.76
5.90 15.59
5.76 16.05
5.76 15.01
6.75 12.76
6.75 12.76
9.56 15.82
6.70 5.60
6.55 4.96
8.75 16.75
6.75 4.75
17.75 8.75
17.65 8.73
17.59 8.68
17.50 8.65
15.64 7.42
15.42 7.34
15.28 7.40
14.79 6.80
6.44 6.03
6.39 5.91
6.31 5.80
6.31 5.65
6.36 5.71
6.28 5.77
5.96 5.10
6.48 7.66
7.19 5.03
7.30 5.40
7.38 4.89
12.72 12.66
6.62 5.43
6.71 5.56
6.64 5.60
5.91 5.45
13.01 15.52
5.67 6.52
5.71 6.65
5.77 6.78
5.73 6.75
5.72 6.72
5.78 6.42
5.81 6.37
6.42 5.67
6.60 5.43
7.85 5.41
7.79 5.51
12.62 14.81
5.86 3.79
12.61 4.88
12.75 14.75
11.53 11.30
11.40 11.42
11.48 11.36
13.53 3.87
14.29 6.07
15.69 16.55
14.74 5.96
14.46 6.22
14.52 6.28
14.59 6.75
14.46 7.01
13.90 6.83
13.84 6.68
13.71 6.61
13.32 6.87
12.59 7.25
12.60 7.77
12.67 8.24
12.59 8.50
12.57 8.24
12.88 8.18
11.80 8.02
12.02 8.27
8.88 5.01
8.59 5.09
8.38 4.92
6.46 5.51
6.50 5.42
2.53 8.18
2.55 8.58
2.06 10.32
2.17 10.44
2.65 11.43
2.73 11.94
2.77 12.44
2.81 12.80
2.84 14.39
2.94 14.35
3.49 13.64
3.57 13.74
3.62 13.74
3.60 13.89
3.58 14.13
3.58 14.19
3.54 14.34
3.53 14.49
3.71 14.73
3.68 14.75
2.92 15.52
2.91 15.73
2.94 15.62
2.97 15.74
4.55 16.45
4.47 16.55
4.44 16.57
2.86 15.92
2.71 15.86
2.69 15.81
2.50 15.76
2.46 15.69
2.65 15.77
2.59 15.88
2.66 15.94
2.99 16.49
3.03 16.62
2.89 16.59
3.14 16.67
3.21 16.79
4.28 16.80
4.31 16.79
4.31 16.82
4.44 16.85
4.51 16.89
4.63 17.32
4.83 17.42
5.10 17.51
5.38 16.93
5.43 17.00
5.94 18.56
6.34 18.78
6.38 18.83
6.42 18.86
6.51 18.88
6.64 18.94
6.67 18.99
6.76 19.06
6.82 19.17
7.65 19.43
7.83 19.44
8.08 19.39
8.73 19.50
8.74 19.63
8.91 19.75
9.10 19.90
9.15 19.84
9.31 19.80
9.34 19.77
9.37 19.77
9.35 19.78
9.34 19.77
9.35 19.79
9.34 19.82
9.31 19.79
9.26 19.80
9.25 19.80
9.22 19.78
9.06 19.74
9.14 19.85
8.99 19.79
8.95 19.77
8.96 19.81
9.02 19.80
9.06 19.93
9.04 19.85
9.03 19.82
9.08 19.94
9.14 19.99
9.07 19.92
8.99 19.74
9.10 19.84
9.19 19.86
9.31 19.74
9.34 19.74
9.39 19.78
9.50 19.68
9.49 19.52
9.55 19.54
9.54 19.59
9.53 19.49
9.44 19.51
9.42 19.55
9.40 19.51
9.39 19.42
9.23 18.83
9.20 18.86
9.21 18.76
9.18 18.73
8.94 17.79
8.87 17.15
8.92 17.11
8.95 17.03
8.91 16.82
6.64 18.60
6.59 18.65
5.97 18.47
5.80 18.52
4.92 17.88
4.62 17.73
4.58 17.57
4.48 17.46
4.23 16.88
2.95 15.82
2.75 15.77
2.96 14.74
2.97 14.49
3.03 13.02
2.95 12.61
2.92 12.30
2.83 11.53
2.59 10.44
2.44 9.70
2.52 9.61
2.72 9.43
2.89 9.11
3.18 8.74
3.25 8.56
3.40 7.62
3.81 7.14
4.42 7.23
4.52 7.16
4.35 6.65
4.42 6.45
4.41 5.77
4.52 5.33
4.80 4.92
5.01 4.57
5.31 4.58
5.61 3.48
6.14 2.81
6.13 2.77
6.43 2.84
6.65 2.87
6.83 2.82
7.07 2.66
7.44 2.56
7.69 2.51
7.85 2.45
8.11 2.76
8.14 2.69
8.22 2.64
8.30 2.63
8.29 2.67
8.26 2.67
8.24 2.65
8.29 2.68
8.35 2.68
8.40 2.71
8.39 2.65
8.35 2.64
8.26 2.58
8.18 2.64
8.15 2.57
8.21 2.55
8.22 2.61
8.31 2.65
8.16 2.71
8.45 3.35
8.44 3.39
7.94 2.43
8.12 2.26
8.38 2.64
8.64 3.37
8.63 3.36
8.72 3.52
8.67 3.38
8.71 3.33
8.68 2.51
9.50 2.03
8.80 2.57
8.62 2.63
8.54 2.58
8.58 2.59
8.63 3.45
8.55 2.72
8.64 2.60
8.59 2.56
8.65 2.54
8.53 2.54
8.63 2.57
8.64 2.54
8.87 2.65
8.76 2.63
8.53 2.53
8.53 2.60
8.36 2.44
8.46 2.40
8.44 2.33
8.32 1.88
8.58 3.39
8.71 1.66
10.43 1.73
10.38 1.73
10.30 2.03
10.48 2.57
10.47 2.52
10.46 2.58
9.99 1.93
9.93 1.79
9.99 1.87
9.81 1.84
9.78 1.79
9.66 1.85
9.53 1.99
8.78 3.55
8.80 3.57
8.81 3.55
8.72 3.81
8.75 3.96
8.77 3.87
8.66 3.78
8.67 3.71
8.69 3.76
8.91 3.69
8.89 3.79
10.56 4.03
9.82 5.70
14.75 6.75
10.10 5.91
11.52 6.93
11.15 6.96
11.36 7.34
11.33 7.30
10.66 6.73
10.65 7.02
10.44 7.17
10.42 7.34
10.31 7.44
9.74 8.17
9.46 8.50
9.24 9.03
8.98 3.71
8.37 3.63
7.71 3.21
7.53 3.29
6.63 2.96
4.95 3.11
3.64 3.70
3.36 4.05
3.07 4.59
2.83 7.29
2.69 7.56
2.51 7.90
11.52 10.05
11.46 10.45
5.37 8.96
12.45 11.01
14.29 10.53
13.46 10.00
13.15 10.83
13.26 10.55
13.64 10.32
5.65 12.42
14.40 10.55
14.43 10.47
14.38 10.30
14.35 10.27
14.20 10.42
14.06 10.05
13.84 9.86
13.43 9.38
13.29 8.78
13.69 9.26
13.56 8.76
13.48 8.40
13.63 8.71
6.75 11.75
5.60 10.81
6.59 11.48
6.25 10.80
15.64 9.68
15.45 9.58
15.46 7.06
16.45 9.40
14.64 9.23
14.66 9.38
13.82 9.26
13.66 9.30
13.65 9.34
13.67 9.43
11.78 10.00
6.69 4.86
6.70 4.93
6.76 4.80
6.78 4.62
6.77 4.62
10.59 13.60
11.92 14.64
12.10 14.46
12.08 14.34
11.89 14.33
11.90 14.27
11.59 13.24
11.45 12.51
11.70 12.11
11.78 12.01
12.10 11.81
12.09 11.68
12.18 11.55
12.33 11.27
12.15 10.67
14.75 11.20
3.67 13.51
3.66 13.48
9.58 13.90
3.70 13.59
6.79 12.76
13.44 7.81
13.18 7.78
12.67 7.76
12.92 7.67
12.84 7.46
14.44 5.87
1.73 17.65
1.75 17.69
14.58 5.81
8.75 12.75
8.70 12.72
8.73 12.75
8.75 12.75
2.75 11.75
13.63 11.81
13.19 12.42
13.17 12.48
13.26 12.51
13.71 13.09
14.20 13.34
12.10 8.92
11.85 8.59
12.45 7.86
9.77 11.39
9.83 11.45
16.58 13.63
10.44 11.51
15.60 15.66
13.57 17.93
13.73 17.86
13.60 17.88
13.62 17.67
6.81 12.82
7.16 12.99
6.72 12.60
6.35 12.65
4.58 12.36
5.45 14.45
5.43 14.56
4.84 14.54
4.63 14.55
7.46 9.76
7.47 9.65
7.44 9.58
7.46 9.49
7.43 9.48
7.51 9.49
7.59 9.16
7.01 8.96
7.03 8.92
7.18 9.30
7.02 9.01
7.16 9.56
7.35 10.25
5.03 14.91
7.44 10.18
7.48 10.30
5.39 14.89
5.33 14.85
7.13 9.84
7.12 9.73
7.31 9.69
7.31 9.65
7.46 9.55
7.46 9.45
7.32 9.58
6.01 8.96
8.54 9.65
8.60 9.51
9.60 9.80
9.73 9.77
9.72 9.86
9.71 9.61
9.81 9.89
9.86 9.88
10.18 10.61
10.19 10.88
11.64 12.63
10.55 11.32
10.70 11.41
10.55 11.38
10.81 11.55
7.68 14.47
8.38 12.85
8.52 12.73
8.54 12.64
7.59 12.70
7.66 13.28
12.75 17.75
8.39 12.59
8.38 12.50
8.38 12.33
7.65 12.22
8.60 12.29
9.10 11.80
9.30 11.55
9.14 10.81
8.80 11.13
6.63 14.76
7.19 14.47
7.26 14.46
7.52 14.37
7.11 14.50
6.39 14.58
6.52 14.40
6.49 14.56
4.33 13.65
4.61 13.67
4.59 13.68
5.33 14.51
5.56 14.50
4.35 13.57
4.01 12.90
5.22 9.61
5.18 9.58
5.31 9.44
4.23 8.70
3.82 8.88
3.32 9.04
3.10 9.30
2.95 9.54
3.02 9.50
3.01 9.42
3.13 9.66
3.11 9.75
3.17 9.85
3.36 10.25
3.36 10.53
3.42 11.15
3.47 11.24
3.59 11.24
3.71 11.23
4.10 11.35
4.29 10.74
4.20 10.79
4.32 11.42
4.48 10.74
4.45 11.38
4.51 11.42
4.54 11.50
4.39 11.63
4.33 11.66
4.30 11.70
4.43 11.60
4.67 11.52
5.50 10.69
5.50 10.69
4.82 14.75
4.89 15.14
5.21 15.84
5.47 16.19
5.64 16.11
6.35 16.41
6.60 16.54
8.74 20.59
8.70 20.51
11.00 8.24
10.61 8.72
10.50 8.80
10.45 8.89
10.44 10.58
9.77 11.84
9.76 11.99
10.32 11.72
11.68 19.81
11.75 20.07
13.76 13.79
14.25 13.66
14.40 13.52
14.45 13.43
14.55 13.47
14.69 13.41
14.93 13.25
15.13 13.48
15.07 13.44
15.14 13.32
15.27 13.52
15.20 13.33
15.27 13.55
15.25 13.53
16.90 14.25
17.15 14.26
18.01 13.94
17.99 13.93
17.99 13.90
17.27 14.24
17.34 14.21
17.26 14.37
17.22 14.35
17.29 14.23
17.41 14.20
17.48 14.21
13.94 19.41
14.01 19.40
13.92 19.46
13.98 19.51
14.00 19.62
14.12 19.86
19.67 13.73
14.04 9.58
19.83 13.63
19.84 13.69
19.84 13.75
19.84 13.83
19.82 13.81
19.71 13.82
19.62 13.82
19.45 13.90
19.33 13.95
19.44 14.32
19.28 13.89
19.30 13.86
19.37 13.74
19.46 13.66
19.53 13.63
19.62 12.10
19.64 12.07
19.65 12.07
19.67 12.02
19.66 12.00
19.67 11.94
19.66 11.98
19.67 11.90
19.66 12.01
19.66 12.06
19.66 12.14
19.65 12.14
19.67 12.01
19.67 12.02
19.58 13.58
19.54 13.61
19.50 13.66
19.46 13.70
19.43 13.74
19.39 13.76
19.35 13.78
19.26 13.81
19.21 13.86
19.16 13.88
19.17 13.88
19.20 13.87
18.82 14.18
19.23 14.38
19.31 14.42
19.27 14.35
18.89 14.18
18.83 14.21
19.25 13.88
19.32 13.95
13.75 3.75
13.75 3.75
13.75 3.75
13.72 3.72
19.77 17.69
19.72 17.74
18.07 16.81
17.99 16.43
17.86 16.35
17.87 16.31
17.89 16.18
17.92 16.10
17.86 15.80
14.14 10.65
14.10 10.65
14.08 10.60
14.25 10.61
13.88 10.74
13.85 10.73
12.67 20.26
14.02 10.37
14.32 9.22
14.40 8.57
14.21 8.38
14.70 11.36
14.62 10.68
14.63 10.58
14.89 10.63
16.63 15.86
13.01 17.30
13.07 17.34
12.95 17.30
12.70 17.17
12.70 17.46
12.79 17.50
12.84 17.31
12.89 17.28
12.70 17.48
11.70 19.61
11.36 19.78
11.38 19.74
10.10 19.62
5.78 16.82
5.70 16.84
5.50 16.80
4.76 17.63
4.75 17.75
4.74 17.62
8.75 16.75
13.75 15.75
4.30 14.56
4.19 13.73
4.43 14.27
3.68 14.36
3.36 13.94
3.32 13.59
3.21 13.00
3.38 13.65
15.74 10.97
5.83 8.80
4.68 14.49
4.65 13.10
4.88 15.41
5.22 14.91
5.35 14.78
5.42 14.81
5.85 14.69
6.38 15.16
6.54 15.24
6.72 15.22
6.70 15.24
7.29 14.62
7.33 14.63
7.29 14.60
7.23 14.59
7.47 14.72
4.25 11.35
3.53 10.98
3.65 10.87
5.82 15.06
4.00 12.94
3.79 12.50
3.63 12.28
3.63 11.63
3.31 11.64
3.47 12.16
3.61 12.55
3.42 11.82
5.58 14.78
5.75 14.75
5.75 14.75
11.73 9.68
4.75 1.75
4.75 1.75
4.85 1.65
4.92 1.58
5.75 15.75
11.72 8.78
1.75 16.75
1.62 16.88
1.73 16.78
1.71 16.74
1.62 16.84
1.61 16.85
7.22 9.46
6.72 9.09
6.69 9.27
7.19 9.12
7.35 12.36
6.12 11.06
6.89 12.04
7.65 13.29
4.52 12.03
9.45 12.74
9.82 12.26
3.82 13.38
3.85 13.57
4.09 14.16
4.51 14.80
4.47 14.98
4.48 15.04
4.72 15.84
4.77 15.59
4.84 15.44
4.84 15.28
4.84 15.25
4.72 15.62
4.75 15.71
4.80 15.42
4.84 15.48
5.00 15.39
5.39 15.29
5.74 15.23
5.73 15.23
5.98 14.57
5.85 15.55
6.32 16.29
7.70 11.47
5.81 14.42
4.75 13.67
5.52 12.73
5.31 12.69
4.32 12.58
3.44 12.34
3.13 12.16
2.85 11.45
2.89 11.37
2.84 10.58
2.84 10.40
2.78 10.11
3.29 10.24
3.38 10.38
3.39 10.54
3.30 10.45
3.22 10.58
3.06 10.81
3.05 11.33
3.09 11.26
2.85 10.71
2.84 10.76
3.00 11.34
2.96 11.77
3.34 12.36
3.34 12.56
3.15 12.60
2.76 9.88
3.20 9.72
3.04 9.59
4.64 15.54
4.64 15.56
4.72 15.45
4.72 15.41
4.68 16.16
5.37 15.48
5.55 15.41
5.65 15.43
5.48 15.48
5.54 15.41
5.66 15.33
5.67 15.27
5.59 15.26
5.60 15.23
6.19 15.48
5.42 14.69
4.88 14.11
5.04 14.18
5.07 14.17
6.37 15.39
6.41 15.44
6.40 15.42
6.39 15.41
6.38 15.37
6.41 15.43
6.52 15.53
6.52 15.54
6.52 15.61
4.15 12.21
13.69 10.74
4.23 12.19
13.81 11.21
13.66 10.77
13.76 11.16
13.64 11.29
13.65 11.19
13.52 11.18
13.49 11.25
13.40 11.39
13.50 11.32
13.50 11.33
13.43 11.34
6.38 15.38
6.34 15.37
6.30 15.46
6.28 15.41
4.70 14.20
6.27 15.47
6.37 15.53
4.45 14.07
4.43 13.92
4.23 13.97
4.19 13.83
13.02 11.46
12.86 11.40
12.80 11.31
5.61 15.16
5.49 15.22
5.71 15.38
6.28 15.66
6.24 15.62
6.33 15.53
6.42 15.52
6.28 15.47
6.45 15.53
6.42 15.67
6.51 15.46
6.65 15.50
7.30 14.75
7.40 14.76
7.34 14.72
7.26 14.70
6.55 15.39
6.49 15.53
6.45 15.51
5.92 15.36
6.50 15.63
3.73 11.74
3.61 11.84
3.44 12.07
9.54 13.96
0.52 13.59
3.39 12.52
3.55 12.59
14.87 6.57
14.68 6.74
14.65 6.80
14.73 6.65
14.48 6.34
6.96 12.65
7.08 12.93
6.59 12.82
15.75 15.75
15.75 15.75
7.63 9.64
7.94 9.94
8.58 10.46
7.66 10.42
7.44 10.45
7.30 10.51
7.40 10.64
7.57 13.79
7.68 13.75
4.68 6.25
5.67 7.77
0.59 6.74
6.75 4.75
6.75 4.75
6.75 4.75
6.88 4.60
7.48 4.09
7.58 3.92
7.76 3.81
11.77 14.67
8.37 4.31
6.72 14.78
7.50 10.70
10.45 12.91
10.53 12.63
8.98 10.70
10.92 12.16
10.99 12.13
11.11 11.58
11.08 11.43
11.11 11.39
11.55 11.51
11.78 11.60
11.98 11.72
12.25 12.09
12.24 12.00
12.73 12.34
12.64 12.42
12.80 12.54
12.83 12.47
12.77 12.69
12.53 13.53
12.55 13.67
12.77 13.70
12.83 13.69
12.88 13.43
12.77 13.39
12.82 13.33
12.67 13.53
12.70 13.20
12.80 13.15
6.61 12.56
6.69 12.68
6.69 12.58
6.58 12.36
5.73 10.97
5.79 10.85
3.65 12.48
3.54 13.72
3.75 13.75
6.78 9.73
2.86 12.74
11.50 5.67
2.79 12.72
11.59 8.53
11.57 8.53
11.57 8.54
11.63 8.56
11.62 8.51
3.01 12.79
3.08 12.78
3.16 12.68
3.18 12.62
3.23 12.45
3.21 12.43
10.52 2.81
3.14 12.55
8.93 2.25
8.83 2.14
8.74 2.09
8.57 2.11
8.49 2.08
8.43 2.08
8.06 1.92
7.92 2.04
7.83 1.87
7.79 1.85
7.97 1.84
7.90 1.80
7.82 1.74
7.79 1.75
7.77 1.72
7.81 1.71
7.57 1.82
7.49 1.85
7.57 13.91
7.56 13.81
7.37 13.95
7.44 13.97
7.52 13.92
10.69 12.82
7.65 13.86
7.74 13.77
7.63 2.88
11.64 14.72
11.75 14.83
11.15 13.74
11.02 13.37
11.10 13.20
12.28 13.55
12.33 13.42
12.29 13.63
13.53 13.59
14.47 12.99
14.65 12.79
13.61 17.39
14.82 13.27
14.59 13.29
14.48 13.12
14.29 12.83
14.36 12.74
14.31 12.70
14.47 12.68
14.57 12.78
14.87 13.01
15.43 13.37
15.50 13.38
15.48 13.38
15.39 13.32
15.35 13.36
15.34 13.36
14.80 13.13
14.85 13.17
14.89 13.14
14.87 13.16
14.87 13.20
14.80 13.37
14.78 13.46
14.58 14.36
14.46 13.93
14.44 13.82
14.52 13.78
14.55 13.66
14.81 13.73
15.71 13.73
15.79 13.49
15.89 13.50
16.00 13.53
16.03 13.74
16.01 13.78
17.05 14.63
17.42 15.47
17.47 15.54
17.42 16.32
16.00 17.11
16.49 17.40
16.59 17.63
16.53 17.63
16.70 17.80
16.66 17.50
16.75 17.69
17.37 16.73
16.59 17.57
17.41 15.59
17.34 14.21
17.29 14.28
17.49 15.33
17.38 14.19
17.45 15.59
17.38 15.94
17.44 15.88
17.37 15.87
17.54 15.90
18.39 16.72
17.61 16.35
17.70 16.33
16.75 17.34
17.74 16.69
6.75 9.75
6.75 9.75
19.75 5.75
3.75 8.75
3.75 8.75
3.75 8.75
12.74 15.69
9.56 10.74
9.76 10.15
10.17 11.23
10.03 10.97
9.81 11.10
9.75 10.58
9.59 10.20
9.56 10.45
9.74 10.26
13.58 13.69
12.68 14.67
8.62 3.78
8.66 3.77
13.60 13.65
13.68 13.56
14.58 13.60
14.62 13.70
17.74 15.68
17.83 15.67
17.83 15.66
17.75 15.75
17.70 15.57
17.92 15.47
12.71 13.75
12.79 13.46
11.66 8.81
11.60 8.75
11.80 8.68
19.60 14.46
19.36 13.87
19.35 13.87
19.13 13.87
18.75 14.14
18.59 14.54
18.19 15.59
18.10 15.58
17.79 15.87
17.62 15.94
5.03 2.83
4.79 2.61
13.72 18.90
13.64 18.86
13.77 18.66
13.90 18.36
13.92 18.21
13.85 18.03
13.59 18.56
10.84 18.98
11.58 19.70
11.61 19.73
11.60 19.86
7.06 16.51
11.61 19.89
8.70 16.69
8.67 16.81
8.71 17.48
5.62 20.50
1.82 16.56
4.18 14.72
6.43 15.57
6.61 15.91
2.75 8.46
2.76 8.39
2.64 8.45
1.90 10.46
1.91 10.36
1.92 10.36
1.77 10.55
1.82 10.55
1.74 10.77
6.51 14.66
5.76 14.59
5.71 14.65
5.68 14.56
5.69 14.52
4.96 13.49
4.73 13.51
4.78 13.38
4.68 13.26
4.66 13.30
4.65 13.46
4.56 13.42
4.55 13.50
4.40 13.44
4.42 13.53
4.40 13.39
4.38 13.24
4.26 12.80
4.34 13.41
4.47 13.33
4.40 13.72
4.37 13.82
4.33 13.80
4.26 13.75
4.19 13.81
4.15 13.98
4.15 13.97
4.38 14.35
4.13 14.03
4.08 13.97
3.91 13.95
3.87 13.95
3.77 13.95
3.73 14.02
3.97 14.19
3.99 14.26
3.92 14.24
3.87 14.23
3.80 14.27
3.77 14.24
3.75 14.25
3.66 14.24
3.65 14.29
3.60 14.32
3.63 14.35
3.64 14.33
3.65 14.38
3.65 14.36
3.72 14.38
3.76 14.32
3.80 14.35
3.74 14.35
3.83 14.35
3.84 14.40
3.93 14.37
4.00 14.37
4.00 14.38
4.03 14.43
4.05 14.46
4.18 14.51
4.18 14.58
4.06 14.62
4.04 14.75
3.93 14.79
3.94 14.87
4.45 15.49
3.79 14.92
3.73 14.98
2.94 15.53
2.83 15.57
2.82 15.58
2.79 15.58
2.76 15.53
2.81 15.49
2.82 15.47
2.82 15.47
2.76 15.46
2.76 15.45
2.77 15.38
2.74 15.46
2.79 15.40
2.90 15.33
2.82 15.30
3.64 14.76
3.85 14.78
4.10 14.63
4.21 14.58
4.12 14.46
4.19 14.32
4.38 14.49
4.37 14.31
4.13 14.12
4.21 14.11
4.29 14.01
4.43 13.87
4.48 13.52
4.47 13.44
4.55 13.38
4.48 13.37
4.60 13.38
4.91 14.42
4.10 10.23
4.61 14.50
2.73 11.28
2.43 10.37
2.39 10.26
2.19 9.78
2.42 9.57
2.51 9.54
2.54 9.59
2.56 9.52
2.57 9.50
2.69 9.30
2.60 9.30
2.59 9.31
2.65 9.24
2.71 9.27
2.75 9.34
2.68 9.43
2.61 9.43
2.74 9.42
2.69 9.50
2.66 9.55
2.63 9.51
2.74 9.44
2.87 9.23
3.23 9.38
2.99 9.06
3.25 8.85
3.29 8.81
3.49 8.72
3.57 8.72
3.62 8.68
3.63 8.65
3.60 8.73
3.61 8.72
3.59 8.54
3.60 8.46
3.55 8.40
3.41 8.49
3.20 8.55
2.72 8.79
2.76 8.96
2.52 8.76
2.67 8.69
2.51 8.74
2.54 8.66
2.80 8.40
2.81 8.54
2.79 8.48
2.79 8.52
2.81 8.44
2.77 8.48
2.89 7.97
2.88 7.72
3.28 7.40
3.41 7.42
3.56 7.32
3.81 7.04
4.40 6.83
4.73 6.86
5.20 7.07
6.45 7.53
8.43 6.44
12.88 8.52
13.52 9.17
13.67 8.80
13.79 8.58
13.97 9.41
13.65 9.66
13.58 9.97
13.71 9.52
13.94 9.49
13.82 8.80
14.44 9.84
14.66 9.48
14.47 9.66
15.34 11.35
15.15 11.71
15.49 11.40
14.75 5.75
14.75 5.75
14.79 5.72
15.52 9.48
12.82 7.24
14.62 9.39
13.97 9.19
13.21 8.99
15.56 6.90
12.36 8.63
12.50 8.15
12.49 7.39
13.61 6.96
14.18 7.56
14.82 6.90
14.70 6.87
14.74 6.83
14.68 6.74
3.49 13.89
3.51 13.69
2.82 12.77
2.81 12.64
14.33 8.97
15.16 9.53
15.40 9.44
15.22 9.10
15.39 9.53
15.42 9.66
15.49 9.59
15.42 9.36
15.30 9.47
15.40 9.48
14.21 9.49
14.26 9.64
14.53 9.85
13.88 9.34
14.02 9.52
15.70 9.31
15.88 9.14
14.83 8.66
14.59 8.47
14.11 8.75
13.70 8.98
14.05 9.56
13.91 9.60
13.82 9.72
13.62 9.97
13.34 10.25
2.83 10.67
2.86 10.71
2.85 10.74
10.33 10.53
2.91 10.74
12.83 12.01
9.99 10.22
10.14 10.19
9.85 9.94
9.68 9.79
9.79 9.45
9.58 9.28
5.43 10.70
5.59 10.88
5.72 10.88
5.63 10.95
5.61 10.73
5.64 10.65
5.45 10.49
5.41 10.47
5.43 10.58
4.73 10.37
4.71 10.37
4.73 10.51
4.82 10.46
5.51 10.73
5.59 10.77
5.57 10.82
4.86 10.54
4.49 10.35
4.32 10.24
4.35 10.39
4.36 10.37
4.19 10.35
4.13 10.38
4.15 10.33
4.27 10.36
4.30 10.33
4.59 10.09
4.64 10.08
4.39 10.18
4.27 9.87
4.40 9.88
4.62 10.07
4.63 10.22
5.37 10.28
5.25 9.72
5.33 9.57
5.39 9.48
5.41 9.49
4.69 12.48
14.05 15.32
14.38 15.01
14.40 13.01
14.44 12.77
14.61 11.79
15.13 12.10
15.37 13.12
15.54 13.30
14.98 13.67
14.69 13.77
14.67 13.50
14.60 13.68
14.72 14.25
15.30 12.58
17.75 8.75
17.75 8.75
17.73 8.73
17.74 8.74
17.72 8.72
17.69 8.70
9.54 10.78
9.85 10.66
10.60 10.60
13.11 9.47
13.12 9.77
13.37 9.95
14.91 12.19
14.69 12.47
3.05 11.30
2.98 11.39
3.02 11.27
2.83 10.57
2.68 9.89
2.68 9.62
2.65 9.45
2.67 9.25
2.75 9.09
2.66 8.91
2.81 8.89
2.86 8.86
2.79 8.88
2.91 8.93
2.96 8.96
2.89 8.76
3.02 8.85
3.06 8.97
3.10 8.94
3.01 9.05
3.07 8.98
2.86 8.68
2.81 8.57
3.22 8.59
3.29 8.55
3.34 8.61
3.26 8.56
3.39 8.42
3.41 8.35
3.48 7.65
3.44 7.74
3.49 8.30
3.45 8.31
3.45 7.57
3.51 7.61
3.52 7.54
3.48 7.61
3.54 7.62
3.58 7.52
3.73 7.40
3.76 7.43
3.75 7.49
3.75 7.46
3.67 7.50
3.71 7.55
3.66 7.66
3.39 8.25
3.35 8.44
3.38 8.42
3.28 8.31
3.18 8.47
2.87 8.09
2.72 7.95
2.73 8.17
2.61 8.27
2.43 7.92
2.55 8.30
2.52 8.31
2.37 8.45
2.26 8.78
2.27 8.58
2.19 8.57
2.04 8.37
2.03 8.45
2.18 8.61
2.22 8.50
2.16 8.68
2.16 8.74
2.17 8.64
2.16 8.60
2.13 8.80
2.14 8.86
2.30 9.30
2.11 9.46
1.98 9.56
1.91 9.68
2.06 10.23
2.06 10.31
2.10 10.32
2.15 10.48
2.17 10.60
2.21 10.85
2.33 11.01
2.20 10.90
2.15 10.69
2.09 10.53
2.13 10.47
2.22 10.54
2.37 10.61
3.08 12.14
3.13 11.96
5.59 9.70
7.05 11.57
6.84 12.02
6.99 12.07
7.01 11.99
7.07 11.73
7.14 11.57
7.29 11.51
7.34 11.52
7.36 11.42
6.65 11.57
5.63 12.38
5.60 12.63
5.53 12.62
5.60 12.51
5.43 12.65
5.31 12.61
5.56 12.51
7.45 10.69
7.34 10.58
7.40 10.50
7.26 10.52
7.08 10.60
6.79 10.43
6.78 10.50
6.82 10.29
6.45 10.22
6.27 9.84
5.41 9.56
5.74 9.27
7.25 8.45
4.26 9.13
3.46 8.70
3.22 8.68
3.57 8.33
3.56 8.13
7.54 8.52
7.25 8.42
7.13 8.41
6.64 7.97
8.06 7.51
9.53 7.14
9.14 7.07
4.63 4.78
4.51 4.77
11.09 7.03
11.30 7.16
11.35 7.19
11.58 8.39
3.11 5.90
2.75 5.55
13.72 9.71
3.77 11.94
3.79 12.34
3.76 12.36
3.69 12.48
3.60 12.42
1.82 10.20
1.69 9.99
1.68 9.92
1.71 9.77
1.75 9.73
1.79 9.59
12.53 15.83
1.95 9.09
1.93 9.16
1.71 9.12
1.55 8.12
1.61 9.26
12.51 13.81
12.56 13.73
12.60 13.67
12.74 13.69
13.21 12.84
13.44 12.55
5.56 16.28
5.49 16.09
4.80 16.13
4.67 15.98
4.70 15.87
4.76 16.25
5.06 16.00
4.80 16.27
5.17 15.94
5.38 15.85
5.48 15.71
5.75 15.74
9.77 11.26
9.61 11.60
9.85 11.21
11.27 8.96
7.64 13.55
7.69 13.51
12.38 9.37
12.44 9.34
12.48 9.42
12.49 9.45
12.53 9.34
3.49 13.81
3.43 13.89
3.35 13.90
3.16 14.12
3.03 13.40
2.91 13.11
2.85 12.91
2.79 12.82
2.74 12.74
2.72 12.67
2.70 12.69
2.68 12.62
2.69 12.76
2.71 12.81
2.71 12.85
2.72 12.86
2.73 12.91
2.75 13.01
2.72 12.70
2.72 12.67
2.64 12.42
2.45 11.72
2.31 10.88
2.33 10.80
2.37 10.72
2.58 11.45
2.38 10.69
2.40 10.56
2.36 10.49
2.46 10.53
2.36 10.72
2.66 11.26
2.76 11.53
2.77 11.73
2.89 12.25
2.91 12.33
2.90 12.38
2.86 12.40
2.82 12.44
2.79 12.46
2.79 12.56
2.74 12.58
2.76 12.51
2.76 12.48
2.78 12.48
2.79 12.43
2.80 12.36
2.85 12.35
2.87 12.29
2.88 12.23
2.85 12.23
2.87 12.22
2.87 12.24
2.71 11.67
2.72 11.75
2.71 11.72
2.81 12.40
2.95 12.43
3.06 12.69
2.99 12.56
3.19 13.01
3.02 14.41
2.71 14.69
2.63 16.47
2.62 16.38
3.29 13.86
3.39 14.59
3.40 14.62
3.63 14.59
3.62 14.33
3.75 14.52
3.79 14.39
3.72 14.30
3.77 14.23
3.71 14.13
3.57 13.89
3.64 13.73
3.68 13.72
3.70 13.73
3.67 13.67
3.66 13.68
3.71 13.67
3.66 13.68
3.70 13.64
3.55 13.70
3.61 13.51
3.72 13.41
3.71 13.31
3.80 13.14
4.87 11.94
5.86 10.72
5.56 10.67
5.45 10.58
4.78 10.58
4.75 10.29
5.25 9.01
5.62 8.50
6.13 7.87
4.10 11.46
3.57 10.35
5.69 8.11
5.82 8.15
5.35 8.43
5.29 8.35
3.76 8.09
4.63 7.31
4.96 7.21
4.61 7.20
4.69 7.31
5.59 3.76
6.36 2.85
6.65 3.03
6.81 3.33
6.97 3.17
7.10 3.60
7.46 3.58
7.51 3.60
7.55 3.93
7.75 3.76
11.64 15.50
11.69 15.56
10.80 3.70
10.76 3.75
6.99 8.91
6.86 8.84
6.84 9.23
6.72 9.85
6.82 11.01
6.88 11.07
10.66 12.77
7.43 8.11
7.41 8.59
7.57 7.94
8.64 9.66
8.33 9.85
7.67 9.23
7.53 8.57
7.73 8.56
7.66 8.67
13.01 12.52
13.12 12.63
12.77 13.01
12.13 12.42
11.36 12.02
12.72 13.37
9.70 19.59
9.72 18.56
11.43 12.74
10.05 12.25
9.77 8.73
6.80 11.83
6.85 11.66
6.91 12.08
15.63 12.71
16.53 12.16
16.77 12.16
16.80 11.92
16.80 11.60
16.75 11.75
4.68 16.51
13.81 15.69
13.38 16.59
13.69 16.74
15.53 9.64
14.10 8.91
13.96 9.07
13.61 9.05
14.20 8.46
12.71 9.89
16.50 10.59
12.44 10.75
12.07 11.03
12.48 10.99
12.50 10.59
11.45 11.09
11.30 11.02
10.67 10.96
11.99 9.81
12.26 9.49
11.61 9.07
13.43 6.79
6.46 10.64
6.35 10.76
12.97 7.67
12.92 7.63
5.75 16.53
5.99 16.46
5.95 16.51
5.86 16.64
6.52 16.63
5.98 16.24
5.66 16.03
5.31 15.81
5.26 15.57
5.07 15.47
5.10 15.69
5.33 15.75
6.88 11.44
7.13 11.67
7.10 11.78
7.10 11.87
7.28 11.94
7.39 12.07
7.29 12.58
7.69 14.48
3.43 9.79
11.46 8.82
11.68 8.57
12.41 8.78
12.29 8.99
12.29 9.08
12.21 9.04
12.27 9.10
12.49 12.71
12.60 12.57
12.91 12.19
12.30 9.76
12.60 9.67
2.77 12.04
13.13 10.76
13.51 10.66
13.39 10.27
13.45 9.88
13.84 9.59
13.97 9.67
6.58 12.63
2.90 10.29
2.65 10.27
13.70 11.55
3.57 7.40
3.67 6.96
4.59 6.97
6.23 9.47
5.38 9.45
12.75 10.71
4.68 5.69
4.51 5.50
3.66 10.47
3.59 10.65
4.65 4.86
3.70 10.49
3.81 10.63
3.72 10.47
4.93 4.65
5.04 4.65
5.11 4.49
5.15 4.46
5.32 4.39
5.39 4.23
4.38 9.79
4.46 9.73
4.70 9.43
4.78 9.23
5.41 8.77
5.61 8.49
5.67 8.42
6.23 8.33
6.26 8.24
4.82 9.12
4.86 9.04
4.82 9.18
5.49 8.44
5.60 8.49
5.56 8.50
5.46 8.67
5.40 8.65
5.41 8.65
5.43 8.62
5.41 8.52
3.22 9.16
3.14 9.22
3.01 9.21
2.92 9.21
2.86 9.23
2.76 9.21
2.82 9.08
2.78 9.11
2.64 8.95
2.47 8.87
2.50 8.69
2.32 8.69
2.28 8.63
2.17 8.71
2.14 8.71
2.33 8.62
2.43 8.67
2.45 8.65
2.54 8.60
2.83 8.49
5.46 15.79
5.63 6.62
6.27 6.17
6.00 6.50
6.26 6.15
5.82 6.55
5.62 6.04
5.76 6.49
15.75 6.75
5.40 6.58
4.52 12.75
5.09 7.52
5.27 7.57
4.75 12.50
4.72 12.43
4.78 12.39
4.65 12.38
5.79 10.46
7.33 9.49
7.11 9.61
2.28 9.34
2.96 9.54
3.09 9.94
3.14 10.32
4.03 10.34
3.73 11.49
3.43 11.40
2.97 12.43
2.98 12.44
3.63 10.75
13.75 6.67
14.04 6.59
14.64 7.41
12.76 6.05
12.74 5.98
12.77 5.90
13.65 6.44
12.81 4.93
13.75 6.66
13.78 6.73
13.91 6.63
13.82 6.74
14.38 7.21
14.12 6.73
14.58 7.41
14.60 7.34
10.71 3.76
8.62 5.46
14.57 7.34
9.46 6.06
9.94 5.84
12.65 7.47
12.59 7.70
12.69 7.40
12.83 10.05
8.73 17.69
13.55 10.56
13.58 10.39
14.33 10.40
13.48 9.83
13.49 9.52
13.50 9.42
13.52 9.27
3.03 11.10
3.04 11.10
3.04 11.06
3.26 10.94
3.26 10.86
3.30 10.75
3.37 10.63
3.31 10.66
3.45 10.46
3.50 10.42
3.45 10.43
3.35 10.56
3.33 10.55
3.25 10.65
3.04 11.06
3.10 11.07
3.10 11.20
3.04 11.44
3.00 11.55
2.94 11.61
2.89 11.73
2.83 11.82
2.93 12.33
2.90 12.34
2.89 12.42
2.88 12.42
2.86 12.43
2.84 12.41
2.80 12.34
2.82 12.24
2.75 11.83
2.86 12.21
2.90 12.25
2.95 12.38
2.98 12.59
3.01 12.73
3.05 12.77
3.09 12.62
3.07 12.64
3.07 12.71
3.08 12.68
3.11 12.69
3.12 12.77
3.10 12.75
3.09 12.70
3.11 12.64
3.06 12.51
3.05 12.57
3.09 12.69
3.01 12.63
3.08 12.59
3.18 12.44
3.09 12.49
3.09 12.53
3.19 12.44
3.34 12.17
3.44 12.38
3.01 12.35
3.05 12.43
3.08 12.35
3.13 12.36
3.11 12.39
3.15 12.35
3.09 12.38
3.20 12.33
3.11 12.34
3.07 12.43
3.14 12.44
3.13 12.56
3.11 12.54
3.07 12.54
3.04 12.56
2.98 12.78
2.93 13.00
2.60 14.82
2.58 14.88
2.61 15.61
0.78 13.85
0.72 13.79
0.54 13.84
0.57 13.91
0.53 14.13
2.22 15.00
2.26 14.99
2.14 15.19
1.98 15.95
2.02 15.92
2.67 16.60
2.64 16.73
3.55 17.70
2.52 15.82
2.46 15.48
2.77 14.63
3.36 13.81
3.33 13.83
2.97 14.36
2.89 14.41
2.84 14.53
2.82 14.56
2.85 14.64
2.90 14.61
2.84 14.63
2.85 14.55
2.80 14.61
2.82 14.57
2.78 14.57
2.71 14.58
2.63 14.66
2.55 14.75
2.53 14.79
2.46 14.86
2.42 14.93
2.33 15.02
2.36 15.04
2.29 15.48
2.32 15.51
2.50 14.95
2.64 14.80
2.85 14.68
3.44 14.30
2.95 14.58
2.99 14.48
3.02 14.48
3.07 14.43
2.93 14.51
2.72 14.63
2.53 15.27
2.50 15.47
2.48 15.56
2.45 15.61
2.47 15.65
2.52 15.58
2.52 15.58
2.49 15.64
2.50 15.57
2.54 15.51
2.58 15.54
2.61 15.61
2.64 15.51
2.67 15.58
2.66 15.58
9.57 14.76
9.62 14.87
9.58 14.92
9.68 15.52
8.46 12.81
8.63 12.75
7.70 14.54
7.64 14.55
7.56 14.44
7.59 11.90
7.48 13.53
7.61 13.43
7.64 13.66
7.59 13.38
8.24 12.58
8.35 12.49
8.30 12.48
7.77 12.31
8.30 12.51
7.76 12.46
7.82 12.38
7.80 12.35
7.54 12.03
7.46 11.84
6.77 12.36
12.71 7.61
12.59 7.32
12.08 7.20
7.52 14.01
10.42 15.70
6.60 16.50
6.61 16.36
5.77 16.01
9.64 15.89
7.80 14.91
7.39 14.78
7.39 14.93
6.38 14.75
6.32 15.46
6.36 15.39
7.70 19.69
3.77 12.31
3.78 11.60
7.85 19.62
7.13 16.81
9.40 15.66
9.52 15.73
9.58 15.86
9.55 16.03
9.55 16.24
9.90 16.12
12.01 14.79
12.23 14.86
12.60 14.59
12.92 13.80
7.13 14.47
7.41 14.39
7.49 14.36
7.50 14.37
7.55 14.47
6.78 12.67
6.69 12.32
6.86 12.38
6.74 12.31
6.74 12.36
6.73 12.46
6.62 12.51
6.62 12.53
6.72 12.60
6.55 12.60
6.50 12.56
6.47 12.57
4.50 13.40
3.78 11.55
3.78 12.36
13.00 15.15
13.63 10.79
13.57 10.99
13.27 11.77
13.17 12.34
13.37 11.75
13.42 12.17
13.49 12.28
13.59 12.10
13.61 12.26
13.74 12.32
4.10 11.99
5.43 12.45
3.85 11.76
3.67 11.71
3.80 11.72
4.22 12.03
4.35 12.37
4.37 12.47
4.13 12.66
4.07 12.62
3.86 13.23
4.30 12.49
4.04 12.72
4.07 12.59
3.86 12.40
4.26 12.34
4.14 12.37
3.72 12.66
3.80 13.25
3.72 12.79
3.85 12.69
3.76 13.27
3.72 13.40
3.71 13.17
3.70 13.53
3.93 13.58
3.93 13.59
4.02 13.66
4.04 13.54
3.65 13.30
3.62 13.42
3.12 14.16
3.47 12.50
3.40 12.57
3.36 12.66
2.77 11.96
2.75 12.08
3.53 14.50
2.89 14.63
2.81 14.76
2.67 14.83
2.62 15.49
2.55 14.96
2.57 14.97
2.68 14.82
9.70 14.84
9.74 14.80
9.72 14.72
9.71 14.70
7.71 13.65
2.92 14.62
6.64 12.71
4.26 14.88
4.80 15.40
5.21 15.54
5.38 15.48
5.51 15.52
5.67 15.46
5.71 15.20
5.63 14.90
5.68 14.88
5.66 15.00
6.24 15.46
6.12 15.60
6.51 16.58
6.65 16.76
6.54 16.70
0.53 13.64
0.56 13.86
7.55 12.71
7.41 12.77
7.04 12.54
7.29 12.86
7.51 13.54
7.58 13.60
11.24 8.15
11.71 9.37
11.78 9.35
12.23 8.01
12.41 8.18
12.73 7.92
2.75 7.62
2.88 7.42
2.86 7.73
3.29 8.46
3.27 8.51
3.30 8.68
3.20 8.65
3.26 8.70
3.10 8.63
2.85 8.40
3.08 8.62
3.12 8.67
3.15 8.77
3.11 8.83
3.14 8.78
3.05 8.77
3.05 8.82
2.99 8.81
3.02 8.92
3.04 8.86
3.16 8.86
3.27 8.85
3.60 8.66
3.62 8.56
3.65 8.53
3.61 7.62
3.43 7.74
3.18 7.83
3.12 7.81
3.75 6.37
3.54 6.78
4.09 5.89
4.17 5.91
4.34 5.72
4.48 5.60
4.57 5.50
4.58 5.51
4.56 5.54
4.58 5.57
4.55 5.50
4.54 5.42
4.50 5.40
4.49 5.45
4.36 5.43
4.27 5.48
4.25 5.47
4.02 5.19
3.92 5.36
3.77 5.82
3.70 6.38
3.59 6.55
3.56 6.60
3.48 6.77
3.42 7.14
3.19 7.51
2.91 8.03
2.88 8.38
2.83 8.63
2.65 8.83
2.52 9.25
2.38 9.46
2.28 9.71
2.18 9.56
2.16 10.10
2.22 10.36
2.29 10.58
2.27 10.76
2.38 10.89
2.77 11.36
2.73 11.46
2.14 10.73
2.15 10.69
2.27 10.51
2.26 10.35
2.27 10.34
2.33 10.32
2.44 10.34
2.47 9.58
2.53 9.40
2.26 8.82
2.88 7.43
2.01 8.03
2.65 7.50
2.73 7.78
2.59 8.00
2.65 7.95
2.64 7.60
3.07 7.33
3.05 7.01
3.37 6.91
3.45 6.82
3.76 6.27
3.74 5.54
4.28 5.37
4.55 5.38
4.68 5.22
5.01 5.09
5.22 4.73
5.32 4.71
5.20 2.95
6.60 2.51
1.71 17.63
1.71 16.78
7.81 4.56
7.76 4.28
8.76 4.75
11.86 5.32
11.84 5.31
11.46 5.51
10.95 5.55
10.66 5.65
10.76 5.62
10.25 5.86
9.89 6.26
8.16 5.61
6.57 5.43
5.76 5.13
4.95 4.90
5.57 4.19
5.61 5.67
5.14 4.70
6.08 4.00
8.70 17.64
8.71 17.64
8.71 17.62
6.77 18.60
6.65 18.72
6.60 19.05
6.92 19.39
6.81 19.45
6.79 19.54
6.57 19.65
6.53 19.68
9.31 20.93
9.56 20.76
10.28 20.69
10.50 20.56
10.90 20.06
11.41 19.84
3.74 10.35
3.84 10.36
4.24 10.30
8.67 16.84
8.62 16.89
16.63 17.70
16.76 17.71
9.57 13.93
17.03 17.63
16.99 17.65
18.60 16.65
18.14 16.03
18.22 16.02
18.27 15.86
18.32 15.89
16.80 17.62
16.61 17.70
8.56 19.88
8.81 19.85
8.86 19.79
8.82 19.78
8.76 19.72
8.71 19.68
8.65 19.57
8.64 19.56
8.63 19.48
8.68 19.43
8.74 18.03
6.94 18.77
6.74 18.79
5.96 18.55
5.73 18.66
4.79 17.95
5.66 18.67
4.56 17.66
2.91 16.71
2.27 15.76
2.45 14.96
2.55 14.75
2.92 13.12
2.86 12.58
3.02 12.37
2.92 11.82
2.99 12.12
2.36 9.65
2.35 9.31
2.41 9.37
2.46 9.55
2.81 8.61
3.25 8.49
3.19 8.47
3.23 8.41
3.22 8.41
3.22 8.53
3.26 8.37
3.39 7.76
3.47 7.71
3.41 8.39
3.48 8.58
3.53 8.59
3.54 8.69
3.63 8.82
3.67 8.89
3.60 9.06
3.59 9.16
3.68 9.21
3.70 9.39
3.68 9.41
3.73 9.45
3.67 9.43
3.63 9.42
3.56 9.50
3.46 9.47
3.47 9.51
3.49 9.60
3.43 9.76
3.52 9.81
3.57 9.76
3.59 9.69
3.61 9.63
3.65 9.71
3.63 9.68
3.60 9.72
3.61 9.70
3.60 9.64
3.61 9.60
3.61 9.68
3.60 9.64
3.58 9.71
3.54 9.77
3.54 9.72
3.53 9.71
3.48 9.68
3.47 9.76
3.42 9.79
3.33 9.87
3.26 9.86
3.30 9.82
3.23 9.85
3.19 9.86
3.18 9.80
3.22 9.78
3.17 9.83
3.05 9.86
3.03 9.81
3.01 9.85
2.90 10.04
3.08 9.80
3.25 9.74
3.19 9.67
3.19 9.68
3.24 9.61
3.19 9.58
2.81 9.80
2.67 10.11
2.50 10.28
2.43 10.35
2.57 11.66
2.95 12.34
3.19 12.36
3.45 12.27
3.55 12.59
3.52 12.63
3.53 12.60
3.53 12.65
3.59 12.60
3.52 12.61
3.53 12.58
3.50 12.45
3.45 12.38
3.54 12.27
3.69 12.40
3.47 12.47
3.47 12.56
3.50 12.59
3.63 12.80
3.53 12.77
3.48 12.70
3.42 12.77
3.38 12.72
3.52 12.67
3.43 12.78
3.38 12.80
3.53 12.66
2.47 10.08
2.55 9.73
2.38 9.99
3.76 13.46
3.84 13.58
3.95 14.05
4.16 14.22
4.01 14.29
4.25 14.35
4.62 14.77
4.72 14.75
4.96 14.91
4.85 14.82
4.70 14.68
4.32 14.39
5.60 14.76
5.35 14.62
4.93 14.51
4.92 14.30
4.43 13.87
4.08 13.79
3.83 13.71
3.12 12.31
9.66 15.75
9.71 15.65
2.09 11.00
2.13 10.90
2.12 10.68
2.03 10.35
2.07 10.47
2.10 10.59
2.41 11.84
2.42 11.83
2.82 12.73
2.93 13.16
3.48 14.19
3.46 14.13
3.39 13.93
3.48 14.13
3.53 14.15
2.64 11.82
2.64 11.74
2.62 11.72
2.64 12.53
0.38 12.88
5.43 9.55
5.61 9.66
13.77 13.74
13.34 12.89
13.30 12.72
13.35 12.60
13.23 12.36
13.12 12.42
4.74 11.75
13.01 11.01
12.70 11.19
13.18 9.83
13.41 9.61
12.93 9.64
7.46 14.53
18.75 16.75
18.75 16.75
13.48 7.79
12.63 13.48
13.24 7.64
13.47 7.68
5.76 13.74
5.75 13.75
5.76 13.72
5.78 13.66
18.57 15.84
5.90 8.75
18.68 16.56
18.73 16.68
11.90 10.60
3.75 10.75
11.84 10.49
5.75 13.75
12.71 10.68
12.96 13.47
10.96 7.02
13.79 11.58
13.46 11.74
13.57 11.68
13.62 11.74
14.56 12.01
15.14 12.35
6.64 8.96
14.77 12.66
14.99 12.65
15.32 12.72
15.20 12.71
14.98 12.45
14.81 12.45
15.22 11.95
15.51 11.89
9.77 9.43
9.82 9.37
9.63 9.31
10.16 8.69
10.08 8.81
10.09 8.75
10.13 9.28
10.33 9.33
9.96 9.55
9.63 9.52
9.69 9.44
9.71 9.44
10.16 9.53
10.04 8.43
9.67 8.50
10.34 8.41
10.41 8.55
9.53 9.26
10.39 8.56
10.40 8.56
10.53 8.52
10.60 8.71
10.56 8.96
9.82 10.08
10.24 9.63
10.21 9.88
10.29 10.28
10.33 10.41
10.34 10.41
10.47 10.41
10.56 10.50
10.58 10.45
10.62 10.49
10.64 10.36
10.40 10.48
9.96 10.54
9.62 11.16
7.82 11.93
7.65 12.44
7.71 12.39
8.40 12.50
8.76 12.47
9.10 12.40
10.80 12.15
10.93 12.12
11.63 12.28
12.41 12.43
9.42 12.72
11.01 13.26
9.68 12.64
11.98 14.06
11.38 12.19
11.27 12.06
11.59 12.53
11.48 12.39
11.24 11.98
11.45 12.26
11.32 11.79
11.32 11.71
11.39 11.73
11.31 11.72
11.31 11.55
11.24 11.50
11.38 12.01
11.46 11.84
11.48 11.66
11.31 11.67
10.89 11.57
10.69 11.75
6.40 11.16
6.60 12.11
6.46 12.20
4.44 12.46
4.07 12.54
4.02 12.50
4.16 12.60
4.07 12.33
4.04 12.43
3.83 12.35
4.74 16.29
4.76 16.25
14.04 9.86
14.46 9.91
4.41 11.88
4.37 12.09
4.39 11.74
3.62 10.81
3.33 10.42
3.24 9.53
3.02 8.68
3.56 7.38
3.56 7.03
1.84 10.68
4.75 9.75
3.36 8.35
2.53 10.30
2.43 9.49
2.18 9.75
3.52 11.56
3.70 11.46
8.58 7.45
2.75 7.75
15.75 16.75
15.75 16.75
2.93 7.90
3.50 7.88
3.56 7.54
3.03 7.48
7.54 5.60
7.58 5.53
10.50 5.83
10.47 5.98
10.58 6.08
10.80 5.71
13.67 15.67
10.00 17.86
8.59 9.79
8.52 9.87
8.92 9.81
9.66 9.84
9.75 9.94
9.81 9.95
9.92 9.88
9.98 9.65
9.93 9.49
9.95 9.46
9.93 9.33
10.23 9.33
10.46 9.35
10.52 9.23
10.69 9.14
10.23 8.80
10.30 9.17
9.79 9.36
8.98 9.29
8.96 8.31
9.08 8.33
4.96 12.19
5.56 10.78
5.56 11.06
5.86 11.12
6.47 10.75
7.44 10.47
7.69 10.33
7.61 10.44
4.50 12.36
4.41 12.50
4.18 12.63
3.95 12.83
3.72 12.88
3.50 12.83
3.20 14.35
3.43 13.02
3.32 12.57
3.32 12.35
3.08 12.22
3.15 12.21
3.02 12.29
5.16 14.86
5.38 14.81
10.73 10.32
10.58 10.01
9.88 9.48
10.26 7.34
10.40 7.99
10.57 7.74
10.87 7.42
11.20 6.79
11.39 6.83
11.58 6.79
7.75 14.60
8.66 12.75
7.53 14.47
7.57 14.39
3.55 12.46
3.57 12.39
3.52 12.48
13.97 9.96
13.77 9.83
13.81 9.67
13.81 9.67
13.70 9.80
13.67 10.38
13.61 10.99
12.04 11.92
12.03 12.04
12.69 12.15
12.67 12.18
12.71 12.03
13.27 12.17
13.46 12.49
13.22 11.29
13.63 12.26
13.69 12.21
13.56 11.53
13.32 11.42
12.41 10.78
12.00 10.76
11.75 11.12
11.70 11.25
11.78 11.27
12.02 11.39
11.85 11.38
11.61 11.40
12.42 11.15
12.29 11.20
13.01 9.85
12.06 11.45
11.79 11.48
13.68 9.41
10.07 7.34
14.64 6.62
10.58 7.02
6.53 10.65
14.75 5.91
14.81 5.70
3.59 13.43
3.08 12.64
3.13 12.51
2.98 12.49
2.89 12.51
2.98 12.46
2.92 12.43
3.01 12.43
3.09 12.32
3.01 12.39
3.02 12.29
3.00 12.40
3.06 12.41
3.08 12.40
3.09 12.38
3.11 12.31
3.18 12.25
3.14 12.24
3.16 12.26
3.26 12.24
3.32 12.35
3.28 12.31
3.26 12.32
3.24 12.39
3.24 12.45
3.24 12.44
3.22 12.43
3.08 12.22
3.12 12.38
3.11 12.46
3.04 12.42
2.99 12.32
2.96 12.38
3.75 12.55
4.09 12.25
4.27 12.37
5.33 12.50
5.25 12.60
5.24 12.66
4.92 14.59
5.47 15.52
4.38 14.35
5.59 15.70
4.70 11.99
6.54 12.73
3.79 12.05
6.38 12.70
4.39 12.10
4.42 11.90
4.35 11.91
4.44 11.82
4.57 11.71
4.75 11.66
4.95 11.48
4.94 11.29
5.86 10.32
6.26 10.49
6.30 10.61
6.37 10.72
6.39 10.66
3.17 10.66
6.20 11.61
6.63 11.14
7.48 10.58
4.83 11.40
3.72 12.80
3.24 12.22
4.22 11.77
4.03 11.75
5.37 15.75
3.85 12.19
5.68 16.43
5.74 16.33
5.71 15.25
6.09 15.57
6.19 15.56
2.73 12.29
2.82 12.25
2.81 12.35
2.76 11.72
1.94 10.91
6.01 12.38
6.88 13.07
7.17 12.75
5.40 15.40
5.33 12.88
4.90 15.10
4.78 15.27
4.74 15.38
4.74 15.57
4.78 15.68
4.86 15.73
4.44 12.60
4.65 12.81
4.68 13.85
4.60 13.91
4.52 13.76
4.56 13.84
4.68 14.01
4.49 13.72
4.49 13.75
5.04 9.81
6.45 12.62
6.53 12.48
6.76 12.29
6.87 12.21
7.26 12.31
7.09 11.87
7.28 11.82
7.67 11.73
7.95 12.11
7.89 12.34
7.68 12.35
6.90 12.58
14.49 13.62
13.72 13.23
13.62 13.38
13.41 13.68
12.82 13.65
12.77 13.71
12.91 13.94
12.85 14.32
12.75 14.45
12.68 14.47
12.71 14.54
12.65 14.62
12.75 14.85
12.86 14.87
4.65 11.50
4.44 11.40
14.65 10.51
14.75 10.49
14.35 10.01
3.79 10.83
3.87 10.76
3.62 10.73
3.75 10.75
12.94 15.65
13.17 15.62
15.40 15.67
12.75 5.75
13.74 6.75
13.59 6.83
12.73 11.51
12.78 12.27
12.70 12.29
12.55 12.28
12.49 12.54
12.51 12.64
12.65 12.34
12.69 12.19
12.00 11.04
12.68 12.18
12.79 12.20
2.53 15.98
2.66 16.48
2.66 16.48
2.53 15.97
2.56 15.95
2.56 15.93
2.60 15.87
2.62 15.86
11.81 11.58
11.85 11.49
2.74 16.70
5.70 14.74
2.74 16.67
2.76 16.74
4.87 14.63
10.88 11.63
11.60 11.69
11.54 11.67
11.72 11.70
6.29 8.69
11.75 11.75
11.75 11.46
4.75 11.41
4.83 10.55
4.77 11.60
4.74 11.65
5.96 7.87
7.45 9.57
6.93 9.54
6.71 9.43
6.62 9.39
6.40 9.24
6.53 9.25
6.51 8.58
6.62 8.42
6.91 8.31
7.33 7.83
6.70 8.22
7.22 4.69
6.41 3.88
6.24 3.84
8.67 12.62
6.66 3.34
6.90 3.20
6.56 3.27
7.24 3.39
7.61 3.14
8.41 3.68
8.23 3.80
7.91 3.56
8.49 3.69
9.62 13.41
8.85 4.65
12.67 1.83
12.62 1.88
5.97 12.16
5.77 12.32
6.00 12.14
5.90 12.27
6.01 12.33
12.59 12.49
12.51 12.56
12.57 12.51
12.91 12.30
13.03 12.23
12.99 12.14
12.67 12.17
12.59 11.74
14.21 12.67
14.54 12.83
14.76 12.55
15.41 13.36
15.43 13.37
14.44 11.08
13.44 11.09
12.44 11.47
12.24 11.45
12.39 11.25
12.54 11.33
12.52 9.04
14.75 6.75
14.90 14.86
15.71 19.71
15.72 19.69
13.74 19.48
15.87 19.68
10.81 18.70
13.63 13.66
12.77 12.82
12.73 12.91
12.82 13.01
11.62 19.81
11.73 19.76
10.85 18.92
10.82 19.01
10.71 18.89
10.66 18.76
10.54 18.66
10.45 18.68
10.54 18.71
10.82 18.78
12.52 19.69
12.64 19.50
12.63 19.37
13.16 17.85
13.34 17.86
13.62 17.77
13.66 17.91
13.77 18.05
17.60 15.53
17.65 15.51
17.72 15.50
17.70 15.42
17.62 15.34
17.13 15.03
16.76 15.21
15.73 13.64
14.83 13.55
13.71 12.86
13.21 12.76
13.38 12.74
13.01 12.01
12.35 12.13
11.66 12.22
11.57 12.53
11.75 12.75
7.42 14.91
7.24 14.71
6.42 15.48
6.38 15.48
6.25 15.46
6.06 15.37
5.20 15.12
4.84 14.35
4.61 14.09
4.37 13.48
4.43 12.06
4.37 12.00
3.98 11.67
3.83 12.01
4.07 11.83
3.90 11.95
4.17 10.64
6.12 9.67
2.90 8.97
5.87 9.90
4.06 8.78
4.76 9.75
4.76 9.50
3.50 8.80
3.36 9.64
4.60 7.44
4.65 7.24
4.26 7.52
3.93 7.45
3.64 7.76
3.28 7.90
3.57 7.83
4.07 7.58
5.77 7.62
5.88 7.75
6.81 8.63
13.81 7.63
10.42 9.26
10.17 8.62
11.43 8.86
11.30 8.92
11.27 8.97
11.13 9.31
10.91 9.07
10.84 9.03
11.24 10.38
10.81 8.78
11.72 8.78
8.96 11.16
8.81 12.30
8.72 12.14
8.88 12.17
9.64 12.41
9.82 12.68
10.13 12.87
7.04 2.97
7.50 2.79
8.21 2.48
8.31 2.60
8.42 2.68
8.43 2.73
8.34 2.73
8.25 2.74
8.17 2.80
8.16 2.81
8.20 2.88
8.24 2.83
8.15 2.76
8.02 2.72
8.00 2.71
8.07 2.77
8.08 2.78
7.91 2.75
8.04 2.84
8.10 2.78
8.10 2.76
7.94 2.80
8.06 3.47
7.22 2.93
7.31 3.11
7.36 3.35
6.81 3.41
6.11 4.23
5.62 4.57
5.12 4.18
5.78 4.17
6.02 4.06
5.83 3.87
5.88 3.65
7.57 3.67
13.51 10.44
13.52 10.61
12.82 12.25
12.68 12.54
12.47 13.89
12.58 13.75
12.66 13.78
12.63 13.71
12.56 13.75
12.56 13.53
12.53 13.40
12.55 13.32
12.66 13.12
12.73 13.07
12.72 13.06
12.66 12.64
12.74 12.49
12.65 12.34
12.78 12.30
12.75 12.01
13.02 11.93
13.15 12.01
13.26 11.95
13.31 11.95
13.44 12.47
13.30 12.64
13.17 12.70
13.04 12.58
12.86 12.43
12.90 12.48
13.19 12.60
13.31 12.68
13.27 12.83
12.67 12.60
12.82 12.50
13.21 12.78
13.01 12.62
15.53 12.64
7.75 3.75
7.73 3.78
7.70 3.81
7.75 3.76
7.86 3.64
7.90 3.60
7.81 3.67
7.82 3.67
10.15 9.13
10.78 9.29
10.73 9.31
10.35 9.14
9.90 8.65
9.92 8.59
4.92 5.34
6.41 5.73
5.38 5.22
5.30 4.84
4.88 4.71
5.12 4.85
5.03 4.92
4.92 4.97
4.85 4.95
4.85 4.90
4.70 4.98
4.72 5.06
4.72 5.32
4.67 5.38
4.68 5.36
4.68 5.49
4.65 5.57
4.58 5.68
4.57 5.84
4.56 5.72
4.52 5.80
4.38 5.65
4.49 5.60
4.56 5.42
4.71 5.42
4.57 5.16
4.55 5.19
4.56 5.22
4.59 5.28
4.63 5.34
4.76 5.21
4.61 5.32
4.49 5.40
4.31 5.61
4.34 5.60
4.40 5.53
4.31 5.50
4.39 5.49
4.40 5.51
4.24 5.58
4.23 5.66
3.95 5.48
3.76 5.66
3.91 5.41
4.08 5.32
4.62 5.17
4.95 5.12
4.89 4.80
5.63 4.62
5.68 4.69
5.47 4.76
5.60 5.07
5.44 5.21
5.11 4.98
5.05 4.95
4.87 5.01
4.61 4.95
4.63 5.10
4.53 5.34
4.68 5.29
4.52 5.57
4.54 5.78
4.54 6.03
4.49 5.93
4.39 5.93
4.36 6.06
4.59 5.53
5.22 5.27
5.90 4.40
6.63 4.32
6.74 3.71
6.96 3.84
7.21 3.96
7.27 4.23
7.31 4.71
6.60 5.30
6.30 5.59
5.48 5.77
5.42 6.37
5.33 6.45
5.23 6.11
5.07 5.86
5.19 4.54
5.30 4.49
5.03 4.54
4.84 4.47
4.72 4.32
4.74 4.24
5.15 4.03
4.61 4.30
4.00 4.43
5.64 3.88
5.81 4.03
7.48 8.24
5.66 4.11
5.62 4.11
5.71 4.13
5.67 3.98
5.74 4.05
5.81 3.98
5.70 4.02
5.63 4.02
5.59 4.07
5.55 4.02
5.47 4.03
5.39 4.18
5.29 4.39
5.07 4.62
5.01 4.70
4.77 5.01
4.61 5.28
4.55 5.42
4.66 6.06
4.75 7.33
4.67 7.67
3.73 8.22
3.65 8.25
3.64 8.29
2.97 8.28
3.23 8.85
2.95 9.05
2.61 9.28
3.49 10.06
2.89 10.17
2.63 10.18
2.23 10.09
2.18 10.18
2.19 10.27
2.45 10.88
2.76 11.50
2.87 12.28
2.83 12.77
2.43 14.84
2.64 14.75
2.79 14.72
2.84 14.93
4.84 16.06
4.85 16.26
5.34 16.25
5.30 16.55
4.79 16.76
5.29 16.98
5.08 17.47
5.00 17.46
4.96 17.50
5.04 17.43
6.48 18.75
6.65 18.93
2.79 12.41
5.48 15.52
4.78 15.34
5.62 15.65
5.83 18.49
5.85 18.46
5.91 18.57
5.82 18.57
5.72 18.59
6.11 18.84
7.50 19.49
12.51 19.58
12.32 19.63
12.53 19.49
13.21 18.94
13.45 19.24
14.40 18.54
15.42 17.69
13.56 18.86
15.51 17.58
15.65 17.38
15.70 16.70
15.90 16.42
16.50 15.63
16.90 15.19
16.96 14.11
17.08 13.63
17.09 13.58
17.08 13.57
16.65 13.25
15.70 12.54
14.84 13.07
14.37 13.26
13.82 12.39
13.42 12.36
13.10 12.72
13.55 13.61
13.88 13.84
6.55 8.43
5.76 8.81
6.10 9.14
10.75 15.75
15.48 6.98
15.73 6.75
4.79 11.63
4.87 12.05
5.61 12.30
4.88 11.83
4.46 11.94
4.99 11.77
4.68 11.82
4.57 11.72
13.72 12.48
4.84 11.36
4.77 11.38
4.93 11.37
5.11 11.44
5.35 11.07
5.46 11.12
5.41 10.82
5.33 10.78
5.47 10.57
5.33 10.52
4.58 14.42
4.51 14.47
6.33 9.43
6.53 9.44
4.63 14.71
4.66 14.70
4.58 14.57
4.28 13.99
4.30 13.68
5.44 12.55
6.52 12.64
6.70 12.70
6.60 12.68
2.54 9.77
2.64 9.82
2.78 10.03
2.77 9.75
5.71 12.76
2.93 9.82
2.90 9.81
3.20 10.04
3.86 9.82
3.61 9.80
4.59 9.79
3.81 9.64
3.64 9.56
3.74 9.52
3.61 9.41
3.68 9.40
7.58 9.02
2.76 10.19
12.97 13.32
13.21 12.39
13.22 12.42
13.21 12.40
13.23 12.32
13.52 13.18
13.69 13.23
13.59 11.00
13.62 13.28
13.15 10.78
11.09 9.97
10.82 10.01
10.38 9.89
10.50 9.66
3.54 9.58
3.50 9.54
13.66 10.74
11.02 9.58
3.43 8.89
8.31 8.68
9.51 8.75
8.40 8.49
17.98 13.83
17.78 13.78
17.79 13.86
17.74 13.78
13.54 8.22
13.65 8.03
13.78 7.85
13.63 7.92
13.02 8.07
12.47 8.02
12.29 8.55
12.82 8.87
13.69 9.19
13.97 9.18
14.16 9.29
14.18 9.40
13.96 10.01
13.85 10.10
13.38 10.45
13.26 9.98
13.36 9.64
12.63 11.90
12.32 12.20
12.34 12.54
12.31 12.49
12.39 12.44
12.25 12.51
11.66 12.04
11.02 11.51
10.70 10.95
11.12 10.76
11.61 10.98
11.65 10.79
11.52 10.67
11.10 10.98
11.45 11.09
11.32 11.46
11.57 12.18
11.59 12.35
11.84 12.18
12.08 12.27
12.64 12.81
3.97 11.79
2.76 11.02
2.61 10.72
2.53 10.56
2.54 10.48
2.59 10.50
2.78 10.21
3.38 10.41
4.16 9.99
5.05 10.35
6.32 10.68
6.62 9.92
7.25 10.38
7.40 10.69
8.37 10.85
5.80 9.69
5.79 9.45
5.68 9.42
5.72 9.50
5.85 9.55
5.75 9.49
5.57 9.64
5.43 9.55
5.38 8.81
4.78 9.11
4.55 9.22
4.51 9.36
4.22 9.55
3.79 9.53
3.64 9.76
3.35 9.76
3.07 9.76
3.46 10.66
3.52 10.80
3.34 10.82
3.33 11.25
3.53 11.09
9.73 14.57
9.67 14.71
9.69 14.62
9.66 14.44
9.59 13.62
9.55 13.58
9.43 12.90
9.42 12.75
9.46 12.76
3.72 8.97
4.20 9.71
9.91 14.41
9.95 14.46
9.95 14.60
9.89 14.77
9.84 14.93
9.82 15.10
9.75 15.36
9.70 15.42
6.93 15.66
11.49 14.86
11.50 14.88
11.45 14.90
11.48 14.86
10.71 15.37
11.46 14.87
11.60 14.80
6.40 15.95
6.52 15.90
6.62 15.86
6.78 15.59
7.00 15.55
7.09 15.58
8.75 16.62
8.75 16.56
6.67 16.03
2.83 12.70
3.08 12.38
4.23 13.63
4.33 13.60
4.36 13.58
4.35 13.65
4.22 13.64
3.40 12.94
3.33 12.92
3.16 12.89
6.65 16.48
6.59 16.45
6.65 16.53
9.79 15.61
9.83 15.51
9.80 15.48
10.68 13.93
10.62 13.83
10.58 13.85
10.60 13.66
10.73 13.74
8.82 19.56
8.82 19.52
4.88 14.48
4.51 14.25
4.82 14.43
4.19 13.49
4.08 12.60
4.24 12.34
3.72 11.79
3.67 11.64
3.64 11.60
3.63 11.68
3.53 11.79
3.49 11.96
3.67 12.15
3.64 12.27
3.69 12.40
3.73 12.46
3.73 12.55
3.69 12.54
3.72 12.65
3.73 13.00
3.74 13.63
3.66 14.24
3.42 14.49
3.34 14.57
2.58 15.39
2.70 15.69
2.91 16.54
2.83 16.64
2.81 16.80
2.65 16.64
2.61 16.58
2.65 16.59
2.68 16.53
2.71 16.54
2.61 16.45
2.55 16.37
2.37 15.82
2.36 15.83
2.38 15.80
2.45 15.59
2.49 15.64
2.59 15.55
2.73 15.58
3.04 16.46
3.10 16.38
3.14 16.34
3.32 16.47
4.36 16.50
4.39 16.46
4.36 16.52
4.36 16.55
4.42 16.48
4.43 16.47
4.52 15.81
4.59 16.36
4.60 15.69
4.58 15.41
3.58 12.17
3.36 11.83
3.89 14.13
4.06 13.98
4.46 14.36
4.23 13.98
4.57 14.28
4.53 14.59
12.53 14.75
11.84 14.61
11.49 14.84
11.40 14.98
11.33 15.08
11.31 15.09
11.31 15.10
11.37 15.07
11.39 15.09
11.38 15.08
11.30 15.13
11.31 15.15
11.28 15.16
10.78 15.25
11.26 15.12
10.74 15.23
9.95 15.12
10.01 15.12
9.96 15.18
9.42 15.00
7.54 14.74
9.49 12.70
10.48 12.53
11.41 12.16
12.32 11.81
14.60 15.70
13.71 15.74
6.60 15.78
6.56 16.54
3.90 14.01
3.72 14.16
9.33 17.87
13.71 12.41
14.67 10.04
8.59 16.92
13.85 12.17
13.80 12.39
14.19 12.44
14.14 12.50
14.18 11.97
14.24 10.97
14.04 10.63
12.82 10.69
12.82 10.67
9.63 13.79
13.53 15.68
12.68 10.74
12.75 10.75
12.67 10.85
12.67 15.63
12.72 15.66
12.69 15.48
15.57 13.65
12.67 13.86
13.15 12.98
13.16 12.50
13.67 12.34
13.32 12.43
13.62 12.51
13.74 12.47
13.74 12.40
13.75 12.34
14.30 12.25
13.95 11.97
14.25 11.24
13.91 11.12
13.84 10.60
13.44 10.69
13.39 10.56
13.40 10.33
13.11 10.17
12.55 10.06
12.30 9.83
12.37 10.19
12.31 11.13
12.78 12.16
12.71 12.14
12.89 12.10
13.00 11.82
13.29 11.66
13.31 11.60
13.29 11.62
13.28 11.52
13.28 11.49
13.21 11.57
13.18 11.81
13.13 11.97
13.16 11.93
13.16 11.83
13.16 11.95
13.10 11.97
13.04 11.99
13.22 12.36
13.22 12.33
13.02 12.14
12.98 12.12
13.00 12.09
13.01 12.14
12.95 12.10
12.88 12.13
12.69 11.88
12.52 11.84
12.50 11.87
12.54 11.80
12.54 11.76
12.36 11.63
12.16 11.59
11.94 11.46
11.08 10.74
11.16 10.86
10.76 10.79
10.59 10.88
10.49 11.02
10.45 10.91
9.76 13.16
10.09 10.78
8.89 12.64
8.70 12.82
8.44 12.83
11.86 8.45
7.69 14.50
7.32 12.94
6.93 12.53
6.62 12.54
6.46 12.56
4.14 12.45
3.64 12.49
3.47 12.54
3.47 12.54
3.15 12.55
3.52 12.88
3.55 13.09
4.00 13.30
3.93 12.97
4.43 13.47
4.27 12.58
6.53 12.66
4.04 12.68
4.14 12.21
3.55 12.51
3.59 12.65
13.60 11.15
14.23 10.64
14.38 10.33
14.42 10.02
14.10 8.89
14.46 8.85
14.29 8.92
13.99 8.78
13.83 8.65
13.65 8.71
13.64 8.65
13.73 8.59
13.91 8.82
13.92 8.71
13.93 8.68
14.01 8.67
14.04 8.70
14.02 8.66
13.53 8.77
13.52 9.07
13.38 9.24
12.81 9.46
12.71 9.60
12.61 9.73
12.49 9.82
12.28 9.84
12.58 10.59
12.92 10.80
13.15 11.26
13.30 11.34
12.67 10.21
2.37 10.96
2.32 10.80
2.28 10.79
2.23 10.65
2.21 10.55
1.83 9.25
1.83 9.05
1.76 9.00
2.05 9.37
2.01 9.39
2.12 9.50
2.17 9.62
2.29 9.56
2.36 9.50
2.53 7.86
2.68 7.55
2.82 7.28
4.18 6.50
4.37 6.49
4.47 6.53
4.21 5.98
4.39 5.84
4.64 5.49
4.80 5.23
5.50 4.38
6.59 3.29
6.56 2.91
6.87 2.87
6.94 2.62
7.36 2.78
7.66 2.82
8.41 3.57
8.61 3.81
6.64 8.51
5.79 12.63
12.72 2.67
12.68 2.57
12.69 2.64
12.74 2.74
12.74 2.74
15.75 5.75
10.70 13.60
14.89 5.60
15.74 5.44
16.58 4.77
16.47 4.90
7.43 13.91
16.74 9.37
16.72 9.30
17.27 8.81
4.73 11.73
14.04 9.49
16.49 9.74
13.53 9.67
13.39 9.49
13.43 9.45
18.85 10.58
18.85 10.53
14.35 12.39
13.91 12.44
13.48 12.05
12.61 11.84
12.11 12.22
11.21 11.56
11.43 12.24
11.13 11.55
11.11 11.67
11.16 11.40
11.22 8.68
11.21 8.34
11.69 7.66
11.60 12.80
11.61 12.19
11.55 12.06
11.71 12.10
11.63 12.22
10.97 12.61
10.19 13.23
10.85 12.46
4.91 11.74
4.75 11.57
4.62 11.41
4.63 10.65
4.26 10.61
3.48 11.33
2.90 11.55
2.82 12.35
2.81 12.56
12.73 8.77
12.72 8.79
3.27 13.23
2.91 14.37
2.97 14.51
3.53 14.71
3.56 14.76
3.42 14.75
2.65 15.28
2.59 15.32
2.64 15.50
2.68 15.67
2.65 15.81
2.86 15.78
2.76 15.98
3.34 16.55
3.29 16.63
3.43 16.76
4.32 17.42
4.28 17.42
3.89 17.30
3.82 17.42
3.72 17.52
3.67 17.60
3.67 17.67
3.67 17.62
3.64 17.65
3.62 17.64
3.62 17.59
3.61 17.57
3.67 17.44
3.75 17.31
2.82 16.09
3.75 17.39
3.82 17.37
3.82 17.38
3.90 17.28
3.86 17.32
3.90 17.42
3.92 17.40
3.98 17.36
3.98 17.40
4.40 17.39
4.46 17.48
4.46 17.42
4.44 17.38
4.47 17.64
8.67 16.83
8.67 16.90
8.70 16.95
8.74 17.03
8.77 16.89
4.35 17.63
8.74 16.85
8.76 16.98
8.75 16.92
8.65 16.84
6.78 16.71
6.85 16.58
6.48 16.57
6.69 16.58
9.64 13.48
9.58 13.56
9.60 13.42
9.58 13.75
9.84 12.72
9.83 12.44
10.67 12.50
12.33 12.81
13.26 13.39
13.37 13.26
13.05 12.39
12.89 12.35
12.71 12.39
12.54 12.32
12.42 12.27
11.87 12.13
11.69 12.19
11.56 12.20
11.33 12.23
10.63 12.31
11.30 12.21
10.59 11.65
11.23 10.63
7.50 12.89
7.64 13.42
7.44 12.95
7.55 12.65
7.75 12.68
5.06 9.31
7.45 10.61
13.81 7.51
7.65 10.93
13.50 6.98
13.65 6.81
12.72 5.10
12.90 5.36
14.73 5.75
13.54 11.69
9.85 10.90
9.98 11.37
8.52 7.81
9.98 10.62
10.88 9.71
10.32 10.33
11.15 9.51
11.24 9.82
11.52 10.61
11.47 10.58
11.61 10.84
11.91 11.60
11.45 11.30
11.54 11.03
11.58 11.21
11.32 11.42
11.90 12.42
9.85 14.62
9.95 14.95
9.88 15.02
9.80 15.50
9.80 15.39
7.70 13.92
7.47 14.05
6.84 14.32
5.61 14.70
5.75 14.75
9.65 7.81
9.51 8.53
9.51 8.69
9.34 7.99
5.62 20.41
5.44 20.37
6.74 11.75
6.84 11.67
7.67 10.83
8.32 10.54
8.44 10.48
8.68 9.95
9.57 9.53
9.74 9.16
4.54 15.82
4.59 16.52
4.74 17.24
4.58 16.75
4.63 17.23
4.64 17.25
4.78 17.34
5.20 16.71
5.08 16.41
5.22 16.33
5.15 15.76
5.14 16.24
4.90 15.85
4.55 16.29
3.10 16.15
2.99 15.73
3.01 15.53
2.98 15.38
4.52 15.41
4.57 15.38
4.88 15.24
4.99 15.20
5.09 15.20
5.09 15.19
5.14 15.18
5.17 15.14
5.17 15.21
5.18 15.23
5.23 15.03
5.13 15.25
6.94 12.61
7.29 12.37
7.46 13.51
7.45 13.75
11.23 9.58
12.25 8.87
12.35 8.91
12.43 8.83
12.44 9.23
2.95 12.42
12.24 13.61
2.75 12.75
12.23 13.55
12.34 13.50
12.49 13.47
12.50 13.71
2.87 11.38
2.89 11.31
2.97 11.28
3.17 11.30
3.50 11.46
3.29 11.38
3.11 11.38
2.98 11.15
2.80 10.72
2.75 10.70
2.73 10.50
2.69 10.47
2.68 10.65
2.70 10.63
2.71 10.55
2.73 10.48
2.76 10.56
2.77 10.44
2.83 10.46
2.87 10.22
2.89 9.90
2.98 9.56
2.96 9.26
2.95 9.02
3.25 9.38
3.07 9.00
3.04 8.93
3.13 8.77
3.16 8.88
3.61 7.55
2.89 6.71
3.36 6.75
3.93 5.74
4.14 5.59
4.38 5.56
3.78 4.88
5.51 3.87
5.49 4.16
5.76 3.60
6.25 2.83
6.55 2.67
6.67 2.63
7.02 2.62
7.29 2.61
7.54 2.85
8.31 3.49
8.76 3.63
6.61 8.50
6.66 8.59
6.71 8.69
6.41 9.06
6.53 9.64
6.55 9.75
6.58 9.60
6.60 9.67
5.83 12.67
10.20 12.94
7.81 12.71
7.86 12.53
7.98 12.57
7.79 12.54
7.36 12.60
7.42 12.67
10.64 3.50
8.84 4.65
8.76 4.74
14.67 6.72
14.25 6.91
13.90 7.14
13.76 7.30
13.63 7.29
13.62 7.32
13.47 6.93
13.46 6.86
13.36 6.78
13.40 6.70
13.61 6.49
13.77 6.39
13.79 6.33
13.51 6.45
13.76 6.47
13.83 6.42
13.91 6.42
14.04 6.50
14.05 6.46
15.02 6.09
14.51 7.12
14.95 7.29
14.94 7.39
13.91 6.84
12.64 6.33
13.51 7.15
13.43 6.63
14.30 6.24
13.57 6.66
13.59 7.15
13.39 6.47
14.29 6.43
13.04 6.36
12.00 6.59
12.26 6.72
12.22 6.60
12.12 6.46
12.41 6.73
11.96 6.60
11.74 14.67
11.70 14.61
10.89 12.87
11.29 12.60
11.43 12.63
11.45 12.51
11.30 12.55
11.24 12.47
10.59 12.34
10.59 12.34
11.18 12.34
10.35 12.48
10.19 12.42
10.18 12.37
10.15 12.47
10.18 12.40
9.74 12.35
10.33 10.67
10.63 10.56
10.44 10.46
10.26 10.52
9.90 10.23
9.79 10.47
9.84 10.59
9.89 11.21
9.52 12.25
9.84 10.71
9.42 10.07
9.36 10.73
16.79 6.90
10.53 10.61
10.38 10.60
17.75 8.74
8.98 10.26
9.66 10.69
9.55 9.94
17.61 8.65
5.76 9.72
18.54 6.77
18.70 6.80
18.73 6.75
18.63 6.78
3.82 11.76
3.75 11.75
3.73 11.77
3.68 11.79
3.70 11.81
3.78 11.77
15.98 6.97
15.98 7.07
18.42 6.77
18.80 6.58
15.08 6.66
15.18 7.01
18.86 6.42
14.66 6.58
14.34 6.72
18.97 6.53
18.75 6.75
19.50 6.67
18.86 6.65
13.67 6.62
18.89 6.62
13.35 6.67
18.94 6.56
12.84 7.19
12.92 7.00
12.84 6.86
12.82 6.92
12.77 6.99
12.77 7.10
12.75 7.07
13.14 6.85
18.86 6.64
5.75 3.75
15.43 6.82
15.69 6.73
13.49 12.61
13.44 12.63
13.19 12.56
13.08 12.99
12.84 13.34
12.95 13.26
13.27 12.54
12.54 12.66
13.35 12.41
13.36 12.54
13.31 12.71
13.62 12.77
16.37 13.53
16.49 13.52
15.69 13.39
15.59 13.34
13.73 17.77
10.45 18.84
9.79 20.14
10.41 19.21
10.09 19.93
10.59 20.02
10.60 20.14
10.52 20.21
10.49 20.21
10.51 20.27
10.67 20.10
10.88 19.97
11.32 19.87
11.45 19.83
11.46 19.88
11.53 19.88
11.40 19.89
11.35 19.86
11.35 19.83
11.43 19.88
11.44 19.87
10.71 20.03
10.76 19.97
10.52 20.17
9.71 20.23
9.77 20.16
11.39 19.87
11.48 19.80
11.47 19.81
9.87 19.58
9.93 19.66
6.88 14.57
6.91 14.50
11.34 19.82
11.32 19.83
11.35 19.91
11.49 19.89
11.59 19.86
8.69 16.83
8.76 16.78
8.95 16.77
12.67 7.90
12.36 7.97
12.61 19.44
12.70 19.41
13.33 18.94
13.37 18.89
13.35 18.97
13.43 18.95
13.53 18.90
13.62 18.87
13.65 18.82
13.65 18.73
13.65 18.71
13.59 18.77
13.54 18.78
13.48 18.85
13.59 18.78
15.75 17.66
17.74 15.98
17.62 15.87
15.77 17.43
15.80 17.41
15.79 17.38
15.78 17.40
15.80 17.37
15.77 17.39
15.69 16.87
17.92 15.97
17.93 15.91
15.57 16.70
15.62 16.56
15.64 16.33
15.70 13.98
15.67 13.44
15.58 13.81
15.52 13.78
15.65 13.60
15.44 13.75
15.48 13.93
15.30 15.68
15.40 15.77
15.60 15.50
15.11 14.92
14.82 14.67
13.80 13.73
13.67 13.24
13.43 13.26
13.39 10.66
10.59 9.05
9.81 9.39
9.32 9.01
9.26 8.83
7.54 9.35
7.58 9.40
7.21 8.96
7.46 9.46
7.62 9.46
7.52 9.22
8.39 9.64
8.46 9.70
8.32 9.86
8.49 9.90
9.59 9.98
10.60 9.71
11.14 9.51
11.24 9.69
11.23 9.62
10.50 9.45
9.30 9.50
9.61 9.48
4.86 14.59
4.72 14.55
11.52 12.59
11.56 12.56
11.52 12.56
11.37 12.43
11.31 12.59
11.08 12.53
10.52 11.67
11.33 9.89
11.70 9.50
11.78 9.55
12.27 8.89
13.03 8.52
13.33 7.73
13.19 7.78
13.05 7.69
12.62 7.57
12.59 7.73
12.53 7.55
11.77 7.73
12.53 12.74
8.94 10.73
12.56 12.64
8.70 12.66
8.71 12.74
12.71 15.40
12.66 15.52
12.67 15.48
12.63 2.56
12.66 2.66
12.65 2.71
12.69 2.80
12.67 2.86
12.68 2.96
12.78 4.56
12.77 4.57
12.74 4.63
12.18 12.50
12.27 12.45
12.40 12.82
12.41 12.92
12.45 12.90
12.38 12.61
12.44 12.83
12.42 12.89
12.79 13.10
13.37 13.48
7.72 2.18
7.21 1.95
7.23 2.32
7.12 2.41
6.59 2.46
6.46 2.68
5.87 3.45
5.78 3.73
5.88 3.47
3.70 3.32
3.16 3.79
3.23 4.74
3.34 4.61
3.41 4.21
3.32 4.43
2.86 6.22
2.63 7.48
2.64 8.45
2.61 8.60
2.58 8.89
2.63 9.37
2.50 9.58
2.53 9.48
2.42 9.59
2.35 9.67
2.32 10.16
2.17 10.34
2.21 10.50
2.33 10.58
2.35 10.57
2.61 11.39
2.32 10.88
2.65 11.40
2.45 10.76
2.63 11.56
2.66 11.48
2.68 11.63
2.71 11.63
2.69 11.55
2.70 11.67
2.73 11.78
2.73 11.63
2.87 12.21
2.76 11.77
2.86 12.22
2.71 11.70
2.82 12.22
2.84 12.46
2.83 12.43
2.84 12.58
2.86 12.71
2.87 12.85
2.88 12.88
2.95 12.98
3.05 13.13
2.89 14.36
2.94 14.41
2.93 14.50
2.90 14.57
2.85 14.65
2.81 14.71
2.74 14.83
2.56 15.27
2.72 15.39
2.69 15.54
2.79 15.63
3.02 15.73
3.02 15.82
4.35 16.77
4.50 17.47
4.42 17.50
4.37 17.44
4.37 17.40
4.41 17.35
4.38 16.78
4.46 16.73
4.65 17.18
4.58 17.27
4.49 17.41
4.53 17.63
4.50 17.74
4.45 17.75
4.54 17.80
4.52 17.81
4.37 17.72
3.83 17.36
2.66 15.30
2.63 15.20
2.73 14.87
7.71 15.06
7.82 14.98
7.61 14.77
7.14 14.77
6.40 15.25
3.56 12.60
3.52 12.57
4.49 13.38
4.62 13.27
5.11 12.88
4.43 11.96
3.73 11.56
3.60 11.49
3.27 11.09
3.66 10.99
3.94 10.21
4.89 10.17
5.79 10.45
5.68 10.19
5.31 9.77
5.31 9.68
5.30 10.25
5.38 10.30
4.80 10.36
4.61 10.33
4.37 10.02
4.60 10.02
4.47 9.86
3.70 9.39
3.82 9.55
3.13 9.25
3.24 8.79
3.62 9.15
3.60 8.56
3.50 8.36
3.35 8.31
3.27 8.54
3.35 8.62
3.23 7.84
3.51 7.65
3.64 7.54
3.52 7.68
3.52 7.80
8.40 12.65
7.97 12.53
6.81 3.84
6.80 3.53
7.59 3.75
7.69 4.12
7.77 4.51
5.79 15.56
6.47 11.89
5.97 12.35
5.77 12.69
5.57 12.65
5.38 12.59
4.79 11.71
14.41 13.63
4.80 10.05
4.48 10.32
4.46 9.97
4.23 10.36
3.65 10.46
3.68 11.35
4.44 11.80
4.45 11.93
4.84 11.80
4.83 11.65
4.74 11.57
4.34 11.66
4.25 11.40
3.97 11.05
3.62 10.94
3.62 10.70
3.57 10.68
3.43 10.60
3.30 10.84
3.23 11.05
3.18 10.90
3.48 11.34
3.66 11.28
3.80 11.06
3.61 10.13
3.41 10.25
3.31 10.23
3.31 10.26
3.01 10.21
3.40 10.50
3.72 10.66
3.79 10.58
5.95 12.12
4.62 10.76
4.30 10.67
4.21 10.87
5.62 12.53
5.62 12.43
5.56 12.32
5.57 12.49
3.53 9.17
3.73 9.07
3.75 8.79
3.90 8.89
4.74 8.05
3.88 8.55
3.69 8.74
3.88 8.66
3.99 8.75
3.21 7.76
6.11 10.21
5.77 10.52
3.69 7.87
3.74 7.56
3.93 7.19
4.33 6.44
14.51 22.04
6.75 15.75
1.72 17.67
1.75 17.75
4.81 10.24
4.76 10.18
8.61 6.42
8.64 6.50
8.06 4.62
8.44 5.38
8.54 5.40
8.48 5.44
8.01 5.33
8.38 5.59
8.44 5.75
14.68 6.44
14.32 7.42
14.20 7.79
14.56 8.51
14.49 8.70
14.44 8.60
14.37 8.73
14.34 8.57
14.42 8.34
14.30 8.48
14.50 13.23
14.56 8.88
14.61 9.04
14.47 9.04
13.02 6.31
12.71 5.97
12.62 5.90
12.54 5.89
12.56 5.71
15.65 11.16
15.58 11.12
14.80 9.62
14.58 9.64
14.50 8.99
12.49 5.59
10.75 6.23
12.54 5.61
12.61 5.65
14.72 5.88
14.76 5.66
12.33 5.68
11.38 5.76
12.18 5.60
11.59 5.89
11.86 5.73
11.93 5.78
11.99 5.48
12.31 4.96
11.18 5.72
11.39 5.64
11.31 5.79
11.55 5.78
11.64 5.69
6.68 15.82
3.68 7.54
3.21 7.63
3.38 7.36
2.72 7.46
2.50 7.53
2.19 7.59
2.39 7.77
2.94 6.66
3.10 11.70
3.09 11.79
3.05 11.83
3.03 11.87
3.12 11.80
3.13 11.73
3.16 11.61
14.81 13.50
14.46 12.88
3.81 12.66
3.91 13.10
3.90 12.88
3.92 12.87
4.74 16.40
4.64 16.43
4.50 15.76
4.69 15.38
4.79 14.81
4.81 15.00
4.86 14.96
4.72 15.34
3.90 17.34
4.07 17.46
4.84 17.78
5.74 18.55
6.24 19.09
7.73 19.60
8.22 19.66
8.81 19.89
9.54 20.22
10.84 19.94
11.82 19.92
11.93 19.88
12.36 19.68
12.78 19.42
13.50 18.84
7.80 14.94
7.78 14.88
7.75 14.81
7.70 14.76
7.65 14.64
7.59 14.50
13.69 18.67
13.69 18.58
7.26 13.84
7.29 13.78
7.30 13.71
7.32 13.76
7.40 13.76
7.39 13.78
7.39 13.77
7.38 13.73
15.94 17.55
15.96 17.54
16.02 17.55
16.54 17.73
16.05 17.53
16.02 17.54
16.03 17.48
16.04 17.48
16.09 17.48
16.07 17.48
16.53 17.73
16.00 17.51
15.98 17.52
15.97 17.48
7.66 14.76
7.65 14.80
7.64 14.79
7.56 14.71
7.52 14.67
7.59 14.82
7.69 14.94
7.71 14.94
7.77 14.96
18.64 18.74
8.89 16.54
7.94 15.06
7.90 14.87
7.88 14.86
7.88 14.92
8.81 16.61
7.88 14.88
8.77 16.71
8.67 16.83
12.62 13.49
12.36 12.94
11.37 11.41
11.37 11.15
11.55 10.94
11.73 10.63
11.85 9.49
12.14 8.62
12.08 8.62
11.79 8.74
11.71 8.56
11.57 8.58
11.57 8.68
11.54 8.57
11.64 8.34
11.60 9.06
11.75 9.05
12.19 9.20
11.47 8.93
11.45 9.37
11.03 9.71
11.10 10.18
11.32 10.57
11.30 11.47
11.44 11.59
12.48 10.68
12.52 10.65
11.84 14.75
11.81 14.74
12.02 14.98
11.92 14.86
11.75 14.93
11.77 14.99
11.69 15.01
17.68 16.68
7.74 9.75
8.75 5.75
7.77 9.49
8.39 6.23
