10 18 0
5 18 3.4
0 18 3.0
-5 18 3.5
-11 18 4.0

11.8 25 3.0
6 25 3.6
0 25 2.9
-6 25 4.3
-11.8 25 2.6

12.6 32 2.95
6.5 32 2.4677
0 32 2.04134
-6.5 32 4.53488
-12.6 32 4.12145

13.0 39 1.22739
7 39 1.21447
0 39 1.16279
-7 39 3.90181
-13.0 39 4.83204

13.2 46 0.530
7.5 46 0.723
0 46 1.29199
-7.5 46 3.78553
-13.2 46 5.0

13.4 53 0.387
6.5 53 1.18863
0 53 1.97674
-6.5 53 3.87597

0 12 3.0
-6 12 3.3
-10 12 3.7

-3 7 3.2
-8 7 3.6
-13 7 4.1

12 25 0
16 25 0
21 25 0
26 25 0
32 25 0
38 25 0

14 58 0.387
14.1 64 0.40
14.2 70 0.428
14.3 75 0.4789
14.5 80 0.493425

3 58 1.18863
3.6 65 1.06
4.2 72 1.21
5 79 1.33
5.5 84 1.49

-5 58 1.97
-4.8 63 2.03
-4.5 69 2.33
-4 75 2.53 
-3.5 80 2.70

-14 54 4.19897
-15.3 58 4.32
-17 63 4.19
-17.5 68 4.10
