8 20 0
4 20 3.4
0 20 3.0
-4 20 3.5
-8 20 4.0

8.5 26 3.5
4 26 3.6
0 26 2.9
-4 26 4.3
-8.5 26 2.6

9 32 2.95
4 32 2.4677
0 32 2.04134
-4 32 4.53488
-9 32 4.12145

9.5 37 1.22739
4.5 37 1.21447
0 37 1.16279
-4.5 37 3.90181
-9.5 37 4.83204

10 43 0.530
5 43 0.723
0 43 1.29199
-5 43 3.78553
-10 43 5.0

11 49 0.387
5.5 49 1.18863
0 48.5 1.97674
-5.5 48 3.87597

1 13 2.8
-3 13 3.2
-7 13 3.6

-2 7 3.0
-6 7 3.5
-10 7 4.0

12 20 0
15 20 0
19 20 0
24 20 0
30 20 0
37 20 0

10 56 0.387
10 62 0.40
10 68 0.428
10 73 0.4789
10 78 0.493425

5 56 1.18863
5 63 1.06
5 70 1.21
5 77 1.33
5 82 1.49

-3 53 1.97
-3 57 2.03
-3 64 2.33
-3 70 2.53 
-3 76 2.70

-11 49 4.19897
-12 55 4.32
-13 61 4.19
-14 68 4.10
-15 75 4.80