18 20 0 10
6 20 0 10
-6 20 0 10
-24 20 0 10
27 40 0 9
9 40 0 9
-9 40 0 9
-27 40 0 9
27 50 0 9
9 50 0 9
-9 50 0 9
-27 50 0 9
28 70 0 9
8 70 0 10
-11 70 0 9
-28 70 0 8
41 15 0 10
49 15 0 9
57 15 0 8
65 15 0 7
73 15 0 7
81 15 0 7
100 15 0 6
115 15 0 5
28 88 0 8
28 104 0 8
28 119 0 7
28 133 0 7
28 145 0 6
28 156 0 6
8 90 0 9
8 110 0 9
8 127 0 8
8 141 0 8
8 155 0 7
8 169 0 7
-11 88 0 8
-11 104 0 8
-11 119 0 7
-11 133 0 7
-11 145 0 6
-11 156 0 6
-28 85 0 6
-28 95 0 6
-28 105 0 6
-28 116 0 6
-28 127 0 5
-28 135 0 5

